289.69533	19.442092	19.657712	3.4324036	0.53920123	2006-05-31 00:00:00
224.43662	21.726254	21.277104	3.229826	0.75200808	2006-06-01 00:00:00
96.698083	17.429592	18.641325	2.7378149	1	2006-06-02 00:00:00
75.210666	14.06876	15.158681	4.3689236	1	2006-06-03 00:00:00
91.067875	10.720426	11.916015	4.7462944	1	2006-06-04 00:00:00
171.21529	12.628339	12.509373	3.6502733	0.91312288	2006-06-05 00:00:00
267.96754	15.850422	15.237831	2.7584076	0.64909419	2006-06-06 00:00:00
80.110209	12.782508	13.952096	4.9833778	1	2006-06-07 00:00:00
84.766918	12.645841	13.870207	3.4216739	1	2006-06-08 00:00:00
74.685333	13.146672	14.215652	1.2955728	1	2006-06-09 00:00:00
92.706875	11.431673	12.762881	7.8474115	1	2006-06-10 00:00:00
110.64516	11.09376	11.812954	6.942379	1	2006-06-11 00:00:00
289.79917	16.591255	15.840622	4.7578354	0.57781606	2006-06-12 00:00:00
255.04596	18.159176	16.059132	3.1075443	0.69126114	2006-06-13 00:00:00
191.66471	18.381675	15.878757	1.7620858	0.86175429	2006-06-14 00:00:00
269.72312	16.472922	13.984642	5.9738052	0.65574755	2006-06-15 00:00:00
292.23483	17.49709	14.229575	4.3953848	0.58001965	2006-06-16 00:00:00
184.07083	17.297924	15.767226	3.44877	0.88061083	2006-06-17 00:00:00
311.17704	23.381254	23.045187	3.2464452	0.44664151	2006-06-18 00:00:00
284.20208	24.342083	24.04134	4.5356499	0.55624574	2006-06-19 00:00:00
266.68125	20.153753	18.407818	4.0655478	0.64665785	2006-06-20 00:00:00
299.37842	17.135425	14.733909	3.3169654	0.55174077	2006-06-21 00:00:00
236.66875	20.70584	19.671487	4.075392	0.73311749	2006-06-22 00:00:00
199.37192	21.870011	20.920693	2.3633374	0.83037533	2006-06-23 00:00:00
197.53208	19.39709	19.096951	2.1619949	0.8395957	2006-06-24 00:00:00
285.92683	19.481676	19.66354	2.9516961	0.57255032	2006-06-25 00:00:00
125.90938	19.19292	20.951005	5.6783344	1	2006-06-26 00:00:00
289.08042	21.909587	22.286583	7.4846668	0.54432577	2006-06-27 00:00:00
179.98108	19.995844	21.79664	5.111055	0.87547343	2006-06-28 00:00:00
207.52496	21.403338	21.843852	2.9089727	0.80456904	2006-06-29 00:00:00
276.11	18.795422	16.841086	4.345139	0.61802883	2006-06-30 00:00:00
301.84842	17.851256	15.52512	4.3412274	0.53051412	2006-07-01 00:00:00
278.65821	21.660005	20.500429	6.2092136	0.5885614	2006-07-02 00:00:00
328.70729	20.685423	18.853803	3.5917693	0.37746597	2006-07-03 00:00:00
269.8398	21.90167	20.717134	3.763514	0.61633165	2006-07-04 00:00:00
304.52504	20.505003	18.355038	4.109718	0.49491639	2006-07-05 00:00:00
288.82354	17.822919	15.483763	3.5153953	0.57263695	2006-07-06 00:00:00
295.05779	18.443761	16.529417	3.4352364	0.54132238	2006-07-07 00:00:00
317.54658	20.689183	17.92312	1.9709818	0.43134398	2006-07-08 00:00:00
319.39808	21.025841	19.209862	3.1771953	0.40814733	2006-07-09 00:00:00
252.51008	21.185011	19.897928	3.6304191	0.66926689	2006-07-10 00:00:00
240.23954	21.483341	21.476451	3.7359646	0.70021484	2006-07-11 00:00:00
195.17596	21.461677	22.296533	3.3025865	0.82551784	2006-07-12 00:00:00
233.49313	19.816674	20.042449	3.8067861	0.72306322	2006-07-13 00:00:00
317.94229	22.915421	22.459074	3.2786718	0.36720946	2006-07-14 00:00:00
268.89458	23.968755	24.289944	3.1727849	0.58068115	2006-07-15 00:00:00
301.71946	24.01043	23.49009	3.2709579	0.43891181	2006-07-16 00:00:00
310.16392	25.234176	24.469013	3.0059812	0.3798269	2006-07-17 00:00:00
289.59504	24.615844	23.982909	3.8744284	0.48618348	2006-07-18 00:00:00
319.79404	20.428334	18.985307	2.4414647	0.36499403	2006-07-19 00:00:00
296.81879	19.917928	19.402742	4.323815	0.47691088	2006-07-20 00:00:00
229.48116	21.748345	22.294712	2.0326695	0.71160645	2006-07-21 00:00:00
149.65521	19.815838	21.356158	3.1293621	0.93085809	2006-07-22 00:00:00
133.78392	17.594588	18.280542	3.7044193	0.97226251	2006-07-23 00:00:00
291.95429	18.212508	16.716154	3.2988197	0.50008043	2006-07-24 00:00:00
302.44729	21.060417	19.741005	4.4943102	0.42161934	2006-07-25 00:00:00
238.07917	22.911675	22.784502	3.3770685	0.66825835	2006-07-26 00:00:00
250.72075	23.734585	24.18099	4.2250013	0.61327442	2006-07-27 00:00:00
212.24754	22.865423	23.613995	4.5815131	0.74412716	2006-07-28 00:00:00
263.27008	22.248758	22.027224	4.9798382	0.56778707	2006-07-29 00:00:00
302.83267	20.356671	18.724621	4.1224134	0.39755488	2006-07-30 00:00:00
298.66588	19.417504	17.532298	2.884655	0.42428942	2006-07-31 00:00:00
207.05979	24.627093	26.095554	3.509299	0.73633342	2006-08-01 00:00:00
273.88984	26.849167	28.172066	4.5166449	0.44847829	2006-08-02 00:00:00
239.99708	24.707096	24.620667	3.735836	0.61904538	2006-08-03 00:00:00
188.24571	20.65501	21.347624	2.402247	0.80240243	2006-08-04 00:00:00
283.60379	19.602504	17.136706	4.0751456	0.46287321	2006-08-05 00:00:00
279.26833	17.338345	14.654508	2.9632558	0.49563418	2006-08-06 00:00:00
179.84808	20.692087	21.048175	4.6850561	0.82078408	2006-08-07 00:00:00
288.56146	18.880425	16.83896	5.5726988	0.41807405	2006-08-08 00:00:00
297.02846	17.313337	14.052261	3.3411717	0.38542252	2006-08-09 00:00:00
234.08925	18.001677	15.520344	4.1488007	0.65510094	2006-08-10 00:00:00
302.31275	14.370836	12.478221	4.9763214	0.34865069	2006-08-11 00:00:00
296.31804	13.287511	11.147001	5.3015053	0.39028415	2006-08-12 00:00:00
278.97271	13.910839	11.625908	4.6761033	0.47247413	2006-08-13 00:00:00
283.06308	16.905838	14.037409	4.2980877	0.42364588	2006-08-14 00:00:00
280.68616	20.168342	18.371088	4.7590034	0.39000984	2006-08-15 00:00:00
244.66067	17.967092	15.608292	3.7267135	0.58370382	2006-08-16 00:00:00
289.65379	18.33167	15.445406	1.8474339	0.33676853	2006-08-17 00:00:00
265.32396	19.717925	17.931724	3.261551	0.45606691	2006-08-18 00:00:00
225.89229	20.903761	20.458042	3.2476792	0.61920203	2006-08-19 00:00:00
169.49663	16.983755	17.720465	3.2606765	0.82391662	2006-08-20 00:00:00
244.06529	16.28167	15.672358	4.6408136	0.55333171	2006-08-21 00:00:00
270.91579	18.362924	16.543848	3.6690473	0.39413643	2006-08-22 00:00:00
259.48346	17.202085	14.584716	3.4939526	0.46763946	2006-08-23 00:00:00
244.31937	14.753337	11.869634	2.1277453	0.55260664	2006-08-24 00:00:00
220.05537	14.727502	13.391757	2.1995485	0.64110768	2006-08-25 00:00:00
206.18513	15.091254	14.692815	3.1283566	0.68353626	2006-08-26 00:00:00
80.212208	13.20959	13.680673	5.5733597	1	2006-08-27 00:00:00
241.64304	15.265419	15.615884	2.4054857	0.50831942	2006-08-28 00:00:00
82.183374	15.820001	16.788788	2.117996	1	2006-08-29 00:00:00
258.89633	17.899589	16.406987	3.8203851	0.37455949	2006-08-30 00:00:00
267.70366	12.693334	11.257195	4.2036124	0.34801718	2006-08-31 00:00:00
216.52288	14.63168	12.934367	3.2018374	0.61036748	2006-09-01 00:00:00
191.88779	13.663756	12.972641	6.5799905	0.70473644	2006-09-02 00:00:00
102.59883	12.816675	13.735531	6.4490964	0.9871873	2006-09-03 00:00:00
179.16663	15.795009	15.856073	3.8184357	0.73081241	2006-09-04 00:00:00
187.18062	16.825423	15.987453	2.3705487	0.69242547	2006-09-05 00:00:00
137.93154	16.96584	16.15932	3.0733501	0.86635264	2006-09-06 00:00:00
240.38271	16.574592	15.027108	2.4251437	0.40197366	2006-09-07 00:00:00
237.22284	17.780833	15.898841	3.2877287	0.40118331	2006-09-08 00:00:00
209.59971	18.360012	16.274278	3.7453266	0.55522056	2006-09-09 00:00:00
213.67333	12.367929	11.234177	3.9833611	0.55443479	2006-09-10 00:00:00
224.22216	10.672085	8.8826544	2.5623979	0.5017744	2006-09-11 00:00:00
238.58217	10.777088	8.3817094	1.7477041	0.40089676	2006-09-12 00:00:00
119.9925	11.940421	10.618125	3.3961944	0.90664602	2006-09-13 00:00:00
69.874291	14.862922	15.444813	3.5044861	1	2006-09-14 00:00:00
116.34379	16.693754	17.244157	1.6078597	0.89747066	2006-09-15 00:00:00
219.91008	18.345845	17.022124	3.0697535	0.37676317	2006-09-16 00:00:00
219.47442	18.510002	17.179074	2.8067741	0.36131956	2006-09-17 00:00:00
213.74662	19.175006	18.157836	4.0417152	0.38334959	2006-09-18 00:00:00
183.80167	18.471254	17.873857	4.1018544	0.5764157	2006-09-19 00:00:00
189.45192	13.99793	12.084824	4.7044298	0.56760618	2006-09-20 00:00:00
202.63833	9.5920858	8.5637115	5.3838252	0.50014256	2006-09-21 00:00:00
193.634	10.992504	9.2046766	3.2282421	0.53909767	2006-09-22 00:00:00
69.392542	13.712092	14.218099	4.0432255	1	2006-09-23 00:00:00
145.044	18.251255	16.696878	6.2017474	0.73766984	2006-09-24 00:00:00
152.75475	12.504174	11.478546	3.5600188	0.71440066	2006-09-25 00:00:00
199.84979	12.383342	10.115293	4.5218668	0.43528322	2006-09-26 00:00:00
187.03966	12.308337	10.308536	4.073289	0.51088259	2006-09-27 00:00:00
196.59004	13.88167	12.7301	6.2531095	0.40298082	2006-09-28 00:00:00
83.185709	10.685423	11.607724	6.3822546	0.97643905	2006-09-29 00:00:00
180.17337	8.0866727	8.1073327	3.320939	0.53132721	2006-09-30 00:00:00
61.724708	10.543338	11.877631	5.9579126	1	2006-10-01 00:00:00
132.78096	10.791668	11.017334	5.0032355	0.75883328	2006-10-02 00:00:00
174.05654	14.335841	13.014136	3.7407373	0.49759824	2006-10-03 00:00:00
178.11717	17.613337	16.667204	4.0995082	0.41775934	2006-10-04 00:00:00
168.39104	9.9416697	9.1181768	5.7603452	0.53661612	2006-10-05 00:00:00
180.51067	7.5429245	7.1373833	2.9859179	0.44428965	2006-10-06 00:00:00
191.82804	7.3112554	6.7753934	1.1901142	0.31502344	2006-10-07 00:00:00
185.81791	9.5387538	7.9278918	2.7878142	0.34342184	2006-10-08 00:00:00
179.27171	13.461678	11.27823	3.6727327	0.3525479	2006-10-09 00:00:00
103.26229	12.681261	11.338673	2.0781088	0.84469801	2006-10-10 00:00:00
132.99275	11.516256	11.037999	7.6921926	0.68159817	2006-10-11 00:00:00
124.45258	15.432086	14.228614	5.9607757	0.70871656	2006-10-12 00:00:00
176.85983	5.6883408	5.9309332	4.3718627	0.34199594	2006-10-13 00:00:00
174.54463	5.031675	5.4676129	4.4797524	0.34878882	2006-10-14 00:00:00
127.87946	4.6604261	6.3134048	3.9702571	0.69409825	2006-10-15 00:00:00
154.376	6.8925084	6.5856651	2.1529378	0.49420852	2006-10-16 00:00:00
105.06587	6.9900083	8.2365912	6.6915633	0.7983554	2006-10-17 00:00:00
109.98292	11.750416	12.133731	5.1294629	0.74890212	2006-10-18 00:00:00
154.61537	12.314592	12.29057	3.5009649	0.38177198	2006-10-19 00:00:00
36.344667	12.09375	13.045536	4.4479796	1	2006-10-20 00:00:00
156.59308	3.155425	5.9362826	8.4054925	0.38087457	2006-10-21 00:00:00
100.39558	3.449589	6.0408571	3.1916712	0.79570958	2006-10-22 00:00:00
105.95154	6.4941739	8.4715064	3.8976003	0.73390369	2006-10-23 00:00:00
83.736208	4.8175026	7.2841292	5.0630719	0.86277503	2006-10-24 00:00:00
71.374166	4.1887591	6.7949378	7.90294	0.92491583	2006-10-25 00:00:00
98.862208	3.5445903	6.1080427	7.4140065	0.76483901	2006-10-26 00:00:00
147.16338	2.0641749	5.6484576	3.1619195	0.3255404	2006-10-27 00:00:00
39.358209	7.0475085	9.0395649	9.8765526	1	2006-10-28 00:00:00
67.414459	4.2629232	5.4745726	11.028786	0.93110635	2006-10-29 00:00:00
125.28804	3.8958399	5.4999573	8.3325549	0.52451183	2006-10-30 00:00:00
112.85171	8.3933388	8.308871	3.294187	0.60566268	2006-10-31 00:00:00
139.35634	10.745838	10.199507	3.2202195	0.23954818	2006-11-01 00:00:00
82.027542	5.1004209	6.9736173	3.1615705	0.82033259	2006-11-02 00:00:00
94.553917	1.6108414	4.7652729	4.4588509	0.73645385	2006-11-03 00:00:00
77.62929	0.5183375	4.6457157	3.376798	0.84342785	2006-11-04 00:00:00
74.261334	0.97167358	4.562733	2.6289197	0.8591377	2006-11-05 00:00:00
61.842334	3.9408368	6.0254071	2.5208969	0.9261197	2006-11-06 00:00:00
92.938334	6.0791781	7.7964469	4.4264179	0.70124461	2006-11-07 00:00:00
37.326251	10.082918	11.780029	4.6508018	1	2006-11-08 00:00:00
100.69317	13.610831	14.079899	3.5667342	0.57678572	2006-11-09 00:00:00
126.69192	8.2800041	8.8017742	5.9908244	0.22579136	2006-11-10 00:00:00
117.78633	7.7208458	8.7702177	3.8528996	0.3729956	2006-11-11 00:00:00
44.095709	10.561254	11.968461	2.886225	0.99909088	2006-11-12 00:00:00
90.812	10.683755	12.010857	4.9892551	0.64238923	2006-11-13 00:00:00
40.249833	9.0879138	10.795465	2.9723516	1	2006-11-14 00:00:00
106.90367	10.96209	11.797932	3.5630939	0.42970077	2006-11-15 00:00:00
86.889501	13.799173	14.77507	7.5625737	0.63715574	2006-11-16 00:00:00
108.79483	14.157501	13.033456	8.1010131	0.34586604	2006-11-17 00:00:00
111.80942	4.524174	6.7063095	3.9986477	0.34679522	2006-11-18 00:00:00
58.091875	3.0354197	5.9558377	3.4912092	0.89293303	2006-11-19 00:00:00
102.74029	0.72167867	4.7208419	5.0639044	0.47385329	2006-11-20 00:00:00
114.01834	-1.2870761	4.0726411	2.3808127	0.26774789	2006-11-21 00:00:00
111.9945	-0.33707021	4.1972019	2.0511902	0.28663592	2006-11-22 00:00:00
80.700165	0.89000982	5.0985474	3.2946029	0.68745025	2006-11-23 00:00:00
109.84437	1.1487633	4.5279773	5.3047726	0.28158859	2006-11-24 00:00:00
105.99571	0.31833293	4.9930756	2.7097746	0.33617553	2006-11-25 00:00:00
99.222457	3.5195875	6.4589295	3.2835456	0.4234858	2006-11-26 00:00:00
94.254249	7.3462591	8.4319127	2.4915563	0.46890147	2006-11-27 00:00:00
29.59325	4.6475032	7.8151448	4.0477727	1	2006-11-28 00:00:00
59.907001	5.3979291	8.392164	4.5181699	0.82856349	2006-11-29 00:00:00
86.200707	11.455006	12.223147	5.1033321	0.52302386	2006-11-30 00:00:00
39.006875	13.882085	14.561308	5.1868864	0.97649823	2006-12-01 00:00:00
78.747499	2.7562576	5.023189	9.3719541	0.64591743	2006-12-02 00:00:00
88.761126	-0.19749171	4.1117262	5.150296	0.52298038	2006-12-03 00:00:00
60.683585	-1.9012449	3.9724441	5.7058482	0.81777246	2006-12-04 00:00:00
59.901917	-3.8224955	3.1381717	3.4014901	0.8243205	2006-12-05 00:00:00
76.969625	-1.2091634	3.5960709	7.1764559	0.65174718	2006-12-06 00:00:00
50.813292	1.2891721	5.7081246	4.0597108	0.88810388	2006-12-07 00:00:00
64.138	-6.8229101	2.031711	10.012877	0.78155863	2006-12-08 00:00:00
74.553916	-3.8199931	2.8937263	4.6998699	0.66953965	2006-12-09 00:00:00
96.264416	0.49750926	3.4967451	4.2867182	0.34456106	2006-12-10 00:00:00
31.397959	0.32792689	5.0214899	3.1817883	1	2006-12-11 00:00:00
98.336459	-1.3312477	4.8966297	3.2402697	0.25143489	2006-12-12 00:00:00
38.788376	1.7737569	6.6605886	5.8884255	0.97362944	2006-12-13 00:00:00
95.545167	3.4545901	6.9271257	3.9359084	0.27810803	2006-12-14 00:00:00
84.700666	4.96542	7.7157734	3.8451705	0.48327369	2006-12-15 00:00:00
70.213459	2.9095919	6.2057073	5.3010408	0.68193002	2006-12-16 00:00:00
55.185625	2.800002	6.0547369	3.7873704	0.83324124	2006-12-17 00:00:00
53.026376	3.603334	6.2506452	4.6521766	0.85168959	2006-12-18 00:00:00
63.942207	-1.0774966	4.0131155	5.9391845	0.75609937	2006-12-19 00:00:00
94.453292	-1.5916644	4.2118894	4.1689948	0.32869225	2006-12-20 00:00:00
93.132501	0.20500209	4.2757841	5.7351526	0.35728478	2006-12-21 00:00:00
70.344584	-1.1629026	4.2614969	3.7140278	0.68814835	2006-12-22 00:00:00
29.3495	2.3229169	6.7278846	4.8951981	1	2006-12-23 00:00:00
62.853791	1.5762548	5.7061131	6.207865	0.76165317	2006-12-24 00:00:00
89.879791	1.1920931	5.2318073	3.2829658	0.4180953	2006-12-25 00:00:00
36.956417	1.863752	6.4181002	4.5611344	0.98725879	2006-12-26 00:00:00
47.545375	-1.036659	4.2329537	6.1676096	0.90850982	2006-12-27 00:00:00
66.430875	-0.63332342	4.5005481	4.6501629	0.73717488	2006-12-28 00:00:00
100.49183	-4.1391612	2.4405327	5.1490083	0.24431096	2006-12-29 00:00:00
39.597125	-3.4658302	3.2448667	4.2195551	0.97709243	2006-12-30 00:00:00
85.334043	-3.8704081	4.0812492	4.3561007	0.52782686	2006-12-31 00:00:00
28.131292	-0.33166097	5.6285454	5.0477381	1	2007-01-01 00:00:00
86.794334	-0.48332443	4.962478	7.2558339	0.51184011	2007-01-02 00:00:00
88.10075	-0.0087379456	4.4540856	4.332208	0.50410486	2007-01-03 00:00:00
86.739792	1.9879255	4.9449407	3.7570957	0.52648429	2007-01-04 00:00:00
37.705333	5.8854169	8.3040473	3.9767072	0.99081847	2007-01-05 00:00:00
58.832833	11.904588	11.774472	7.0921126	0.81041083	2007-01-06 00:00:00
91.536292	3.1745951	5.3287694	5.7262292	0.47945271	2007-01-07 00:00:00
32.188542	4.0450022	6.8103029	7.176173	1	2007-01-08 00:00:00
72.643958	0.42334264	3.9642789	6.3097127	0.72406094	2007-01-09 00:00:00
67.05425	-3.3695714	2.4204785	7.2238412	0.78704557	2007-01-10 00:00:00
88.281876	-6.3774971	2.8980323	5.2835083	0.57808099	2007-01-11 00:00:00
54.730666	0.24083862	4.6746534	5.0393479	0.88836881	2007-01-12 00:00:00
57.994875	1.2008313	5.6658763	4.0113076	0.86388733	2007-01-13 00:00:00
29.859541	-1.1587407	5.0124186	2.0871506	1	2007-01-14 00:00:00
30.594958	-1.8220823	4.9998272	4.6471848	1	2007-01-15 00:00:00
82.374916	-6.8237391	2.9242316	7.3286628	0.68097763	2007-01-16 00:00:00
107.66292	-15.587913	1.1809779	6.3165676	0.40636237	2007-01-17 00:00:00
88.010708	-6.7879153	2.7329404	4.6928591	0.64347383	2007-01-18 00:00:00
46.26675	-2.1341665	4.7867837	4.8934535	0.97223069	2007-01-19 00:00:00
64.345333	-9.2399913	2.1831705	10.770081	0.85804083	2007-01-20 00:00:00
111.95404	-14.26083	1.4908073	7.1945941	0.40545468	2007-01-21 00:00:00
39.396749	-9.7083293	2.4359292	1.4338621	1	2007-01-22 00:00:00
58.967375	-7.1462463	3.1397513	2.6325444	0.90654672	2007-01-23 00:00:00
59.003417	-5.2604037	3.5257623	3.8897611	0.90964488	2007-01-24 00:00:00
75.734251	-12.802077	1.6956437	5.9463754	0.80468988	2007-01-25 00:00:00
77.891	-18.527917	0.96313119	8.2078123	0.79854961	2007-01-26 00:00:00
39.652875	-14.537084	1.6702903	2.1714205	1	2007-01-27 00:00:00
99.591917	-7.3412435	3.0900294	3.0691899	0.62879738	2007-01-28 00:00:00
86.617792	-10.604161	2.0680247	6.0282289	0.75022708	2007-01-29 00:00:00
115.57958	-10.580831	1.8438211	3.734031	0.50437765	2007-01-30 00:00:00
97.308043	-8.2174947	2.5745902	3.5475643	0.68164103	2007-01-31 00:00:00
58.364709	-6.5583341	2.9645946	3.8159564	0.94887542	2007-02-01 00:00:00
38.964542	-3.9716629	4.1260691	3.0013267	1	2007-02-02 00:00:00
103.61058	-6.0579107	2.9389788	6.8693026	0.65796988	2007-02-03 00:00:00
107.484	-11.114167	1.7612074	7.5559485	0.64395922	2007-02-04 00:00:00
75.879999	-14.78291	1.2968602	8.8926479	0.87029154	2007-02-05 00:00:00
117.94237	-12.648746	1.5336794	7.1202642	0.58053282	2007-02-06 00:00:00
110.77171	-11.505825	1.6460102	5.721608	0.65026154	2007-02-07 00:00:00
69.967166	-9.9962385	1.9924575	6.8849133	0.91685688	2007-02-08 00:00:00
85.317291	-11.611662	1.8338366	8.4132373	0.8359483	2007-02-09 00:00:00
61.358541	-10.130826	2.15402	4.1275724	0.96984124	2007-02-10 00:00:00
116.00679	-7.3949938	2.3480781	4.2281996	0.64834471	2007-02-11 00:00:00
109.77025	-8.0587474	2.3679835	7.0178206	0.70223657	2007-02-12 00:00:00
140.39896	-14.628738	1.3413754	6.6523891	0.47662488	2007-02-13 00:00:00
54.544334	-9.6466583	2.5716223	7.8868081	1	2007-02-14 00:00:00
133.14971	-13.407913	1.6424132	10.741866	0.56738026	2007-02-15 00:00:00
86.732001	-12.839573	1.7632805	8.7694918	0.86880696	2007-02-16 00:00:00
135.13533	-8.7145765	2.6014928	5.5342764	0.57020704	2007-02-17 00:00:00
86.005333	-8.0249936	2.647711	5.542688	0.88873834	2007-02-18 00:00:00
165.60692	-16.163749	1.2745244	8.0077832	0.35902716	2007-02-19 00:00:00
96.449375	-5.1445793	3.3091172	3.3442859	0.846475	2007-02-20 00:00:00
150.83788	-2.8666595	4.119439	4.6962974	0.51245958	2007-02-21 00:00:00
141.51317	-3.7716609	3.9775966	3.0125152	0.59775852	2007-02-22 00:00:00
154.18638	-7.9729065	2.6386046	9.7643633	0.52837291	2007-02-23 00:00:00
151.14433	-11.226249	2.0791596	10.183927	0.56966613	2007-02-24 00:00:00
172.25262	-6.8145762	3.2131551	5.1569303	0.40311612	2007-02-25 00:00:00
87.564041	-5.1387428	3.5764852	1.9932606	0.91995647	2007-02-26 00:00:00
70.11975	-3.6179133	4.0807525	1.221451	0.99473334	2007-02-27 00:00:00
145.21737	-2.5779137	4.1389539	4.0113737	0.64454123	2007-02-28 00:00:00
195.28483	-5.2574931	3.4098816	2.6678681	0.23192403	2007-03-01 00:00:00
63.9445	-1.3304034	5.164235	8.5009931	1	2007-03-02 00:00:00
111.81346	-1.0787491	4.8749389	2.9727854	0.83765865	2007-03-03 00:00:00
135.24662	-2.4716591	4.166801	5.0574486	0.73680896	2007-03-04 00:00:00
71.222793	-5.4149956	3.0779774	7.6490799	1	2007-03-05 00:00:00
208.05391	-18.933751	0.93055103	11.311442	0.27393096	2007-03-06 00:00:00
183.41183	-16.881665	1.2176661	4.9276702	0.51066241	2007-03-07 00:00:00
118.13892	-15.100829	1.3534858	7.3410292	0.8510375	2007-03-08 00:00:00
196.69154	-13.715827	1.637145	3.5048404	0.44251979	2007-03-09 00:00:00
129.17225	-2.7866577	4.4211957	5.1049629	0.80698836	2007-03-10 00:00:00
168.40179	0.83292414	5.5959743	4.9767548	0.62196353	2007-03-11 00:00:00
217.11916	0.13375371	4.5778041	3.2914308	0.28125891	2007-03-12 00:00:00
101.10138	2.1770861	5.1152903	3.3247389	0.92965516	2007-03-13 00:00:00
177.04146	9.2358299	9.3898505	4.5459005	0.58451219	2007-03-14 00:00:00
69.101917	6.1020917	7.6877566	6.1610264	1	2007-03-15 00:00:00
163.745	-3.8024976	2.950921	6.8244949	0.70370869	2007-03-16 00:00:00
96.467625	-5.9624886	3.5215684	7.3135081	0.96337679	2007-03-17 00:00:00
77.891417	-7.6874883	2.7352949	7.7285029	1	2007-03-18 00:00:00
205.72508	-4.6904167	3.3689158	6.0528341	0.51424238	2007-03-19 00:00:00
197.7935	-4.0262436	3.6764795	8.0945161	0.56879418	2007-03-20 00:00:00
250.12404	-7.3687411	2.7345944	4.0171849	0.16103877	2007-03-21 00:00:00
206.26863	3.035421	6.2872804	6.1217345	0.52633399	2007-03-22 00:00:00
245.09212	5.4829257	6.5286415	4.8999797	0.2278364	2007-03-23 00:00:00
236.76817	2.9075066	5.4884978	2.6335288	0.35258886	2007-03-24 00:00:00
211.94191	2.8112605	5.8694236	2.5253234	0.53061714	2007-03-25 00:00:00
108.7355	2.8075055	6.2422175	3.9616921	0.94769117	2007-03-26 00:00:00
113.81075	7.3550087	8.8353557	4.2391361	0.92980037	2007-03-27 00:00:00
268.37113	2.7166725	4.8277311	9.9467786	0.86922532	2007-03-28 00:00:00
275.05392	-0.72291158	2.6994444	10.675496	0.80865027	2007-03-29 00:00:00
177.07475	1.9245888	3.5444211	6.7450519	0.74807522	2007-03-30 00:00:00
273.26308	1.2970927	3.4433723	4.7310016	0.20574976	2007-03-31 00:00:00
243.98721	4.670001	4.0440342	3.8208683	0.45788517	2007-04-01 00:00:00
105.78629	2.5775022	6.5799087	5.861553	0.97924782	2007-04-02 00:00:00
136.12504	2.8037621	6.5220351	4.2685469	0.89403711	2007-04-03 00:00:00
88.274542	0.37000554	5.6168992	8.181345	1	2007-04-04 00:00:00
140.41562	-2.0504135	4.3719208	4.8515057	0.89349805	2007-04-05 00:00:00
211.13212	-3.6779147	3.5287655	5.3317477	0.66365445	2007-04-06 00:00:00
197.51321	-2.9208244	3.4450022	2.9380537	0.72131454	2007-04-07 00:00:00
144.71521	-2.7687401	3.6784294	6.7484931	0.89303799	2007-04-08 00:00:00
208.85583	-0.72999547	4.2748331	7.3006703	0.68846306	2007-04-09 00:00:00
141.09875	-0.26833064	3.9832579	5.6569369	0.90894229	2007-04-10 00:00:00
252.47925	-0.053739929	4.1706769	3.114663	0.52187976	2007-04-11 00:00:00
99.820084	0.63416952	5.3063418	6.3823777	1	2007-04-12 00:00:00
134.36458	0.91709162	5.6495615	4.9890546	0.93226314	2007-04-13 00:00:00
184.95604	3.4995921	6.1330949	5.1279714	0.78825004	2007-04-14 00:00:00
89.685583	2.3754186	6.1953779	7.5371708	1	2007-04-15 00:00:00
75.006958	3.0304199	7.0377412	10.669551	1	2007-04-16 00:00:00
78.052042	2.3166735	6.4125397	7.0567667	1	2007-04-17 00:00:00
109.98858	3.3691714	6.6036542	5.1636614	1	2007-04-18 00:00:00
285.00663	6.9870875	6.3853326	4.9357326	0.41367739	2007-04-19 00:00:00
302.39508	7.3254257	5.4392033	4.3903796	0.32342557	2007-04-20 00:00:00
293.51104	10.064172	6.5541238	4.9884554	0.38328314	2007-04-21 00:00:00
248.45258	11.595007	7.2665693	2.7455647	0.60265616	2007-04-22 00:00:00
294.37787	16.06792	9.5545183	5.7911503	0.37022851	2007-04-23 00:00:00
251.61388	11.380008	9.143542	7.0513266	0.5919988	2007-04-24 00:00:00
161.42588	6.4854243	6.4738714	2.8394278	0.88969909	2007-04-25 00:00:00
279.97742	8.6287565	6.9466259	2.7643322	0.49695036	2007-04-26 00:00:00
86.221792	7.4416748	9.2809596	5.1208283	1	2007-04-27 00:00:00
129.10037	10.341253	11.352231	2.5000252	0.96706637	2007-04-28 00:00:00
122.9455	9.4241755	10.806354	2.5160916	0.98418793	2007-04-29 00:00:00
207.4375	9.4591779	9.362157	7.139711	0.76762545	2007-04-30 00:00:00
272.02033	7.9487498	7.0229117	5.7099532	0.56159531	2007-05-01 00:00:00
192.22671	8.0129219	7.2198361	4.4320672	0.82303521	2007-05-02 00:00:00
308.774	6.3104238	5.6437177	6.2192078	0.41661897	2007-05-03 00:00:00
309.86392	6.4929227	5.5631165	6.1968448	0.41901201	2007-05-04 00:00:00
256.02329	7.6379257	5.934903	5.2106881	0.64424814	2007-05-05 00:00:00
248.10233	6.4745893	6.2073118	4.0964101	0.67294366	2007-05-06 00:00:00
307.90396	9.8108472	6.7801676	3.3343956	0.43888847	2007-05-07 00:00:00
306.37304	13.370833	8.9547548	5.0365931	0.43482149	2007-05-08 00:00:00
295.70912	17.607085	12.65331	3.0331588	0.46425373	2007-05-09 00:00:00
270.53462	20.294592	16.982707	2.5923874	0.55239833	2007-05-10 00:00:00
205.83379	18.561254	17.022498	3.5211917	0.77679037	2007-05-11 00:00:00
306.7215	11.936254	10.203539	4.6779789	0.45793466	2007-05-12 00:00:00
320.62383	7.5645882	6.3617236	5.9652603	0.42777373	2007-05-13 00:00:00
315.04408	9.7333377	6.8356052	4.4118328	0.45611839	2007-05-14 00:00:00
188.43658	12.917504	11.757964	4.0139687	0.85112984	2007-05-15 00:00:00
190.14317	14.703335	14.966243	3.741729	0.84021604	2007-05-16 00:00:00
231.39221	9.3341677	10.33112	2.3983394	0.74367392	2007-05-17 00:00:00
127.70833	6.3662621	8.8859898	2.8001662	1	2007-05-18 00:00:00
109.245	9.4641726	10.671026	4.7663	1	2007-05-19 00:00:00
184.9135	11.007927	11.199178	5.2513567	0.86890133	2007-05-20 00:00:00
256.7785	10.377096	9.5968585	5.9823771	0.68043119	2007-05-21 00:00:00
323.99392	11.196673	7.2863675	2.3641934	0.44951252	2007-05-22 00:00:00
230.09192	13.191256	10.36741	2.869048	0.75921796	2007-05-23 00:00:00
315.04912	18.739587	15.745662	3.3302379	0.4327109	2007-05-24 00:00:00
314.73817	21.722089	17.471054	4.1857337	0.42422831	2007-05-25 00:00:00
316.96617	18.244173	14.641354	5.491748	0.44015637	2007-05-26 00:00:00
164.25442	14.767094	12.593554	3.497535	0.92232295	2007-05-27 00:00:00
299.39146	17.602087	15.183627	5.4114011	0.52025373	2007-05-28 00:00:00
296.43821	14.435008	11.813925	5.7579483	0.55476078	2007-05-29 00:00:00
165.44742	16.10959	12.98633	2.4953759	0.92129765	2007-05-30 00:00:00
145.613	15.673758	15.74017	3.103332	0.96119976	2007-05-31 00:00:00
253.16821	19.003336	17.9339	3.6779344	0.6780591	2007-06-01 00:00:00
206.16825	20.528336	18.358949	2.4088638	0.81218243	2007-06-02 00:00:00
203.91163	18.67084	18.990066	5.0571389	0.81723249	2007-06-03 00:00:00
104.85296	13.412926	14.750171	5.6679866	1	2007-06-04 00:00:00
239.86763	17.957089	17.147161	4.3191171	0.72604491	2007-06-05 00:00:00
298.31691	12.021674	11.094815	5.6492107	0.56692439	2007-06-06 00:00:00
297.85292	11.863341	10.364618	3.6112739	0.57399926	2007-06-07 00:00:00
299.31996	18.129593	17.013448	4.3536844	0.53114584	2007-06-08 00:00:00
217.58379	18.312088	19.106732	2.7038733	0.78500142	2007-06-09 00:00:00
260.99079	16.725004	15.814511	2.0369306	0.67230092	2007-06-10 00:00:00
225.61054	18.880846	17.268543	3.6144358	0.77005712	2007-06-11 00:00:00
259.61442	19.45209	18.335707	3.7391426	0.66731187	2007-06-12 00:00:00
247.64129	14.780004	14.83627	3.7411538	0.71773678	2007-06-13 00:00:00
246.53054	13.768751	13.725006	2.3407477	0.72539069	2007-06-14 00:00:00
304.07088	16.122923	15.327924	1.6639984	0.52923218	2007-06-15 00:00:00
244.16492	18.571251	16.197688	1.7299566	0.72375845	2007-06-16 00:00:00
247.94979	19.435009	17.57594	4.3972677	0.707825	2007-06-17 00:00:00
312.15046	17.860841	15.06492	3.6549811	0.49953862	2007-06-18 00:00:00
260.30929	19.270837	16.903259	3.9221162	0.67335636	2007-06-19 00:00:00
225.546	19.176258	17.697807	4.894578	0.77100127	2007-06-20 00:00:00
286.97496	15.792509	13.695941	4.5713843	0.60159418	2007-06-21 00:00:00
235.459	13.48459	11.403506	7.5891605	0.76448395	2007-06-22 00:00:00
283.95162	12.458756	10.745105	6.6532281	0.62577957	2007-06-23 00:00:00
304.93291	14.234177	11.836299	4.3593756	0.54711275	2007-06-24 00:00:00
274.24533	20.132091	18.00662	3.7671223	0.62222944	2007-06-25 00:00:00
315.05108	23.177927	21.829495	3.8372896	0.43446288	2007-06-26 00:00:00
262.20183	24.569589	24.244781	4.109729	0.63276285	2007-06-27 00:00:00
215.87225	22.059169	22.028834	4.9527381	0.78191581	2007-06-28 00:00:00
289.36517	14.701676	12.713544	4.0930589	0.59438433	2007-06-29 00:00:00
294.99425	14.340005	11.713401	4.3678422	0.57914318	2007-06-30 00:00:00
294.24246	12.231672	10.67549	5.064485	0.58629506	2007-07-01 00:00:00
315.55175	12.543334	10.645282	5.4151605	0.50593395	2007-07-02 00:00:00
273.22641	15.62084	12.612571	3.2997955	0.64428824	2007-07-03 00:00:00
217.93392	17.07	14.614076	5.3535345	0.79488112	2007-07-04 00:00:00
194.56383	18.151263	18.379226	2.9408239	0.84375169	2007-07-05 00:00:00
218.66408	18.786684	17.218017	3.9596011	0.78338371	2007-07-06 00:00:00
255.04521	17.504174	15.8959	4.0214446	0.68224243	2007-07-07 00:00:00
237.36729	19.741678	18.177829	3.4507745	0.72539756	2007-07-08 00:00:00
188.94613	19.584173	20.86412	4.6578166	0.84849383	2007-07-09 00:00:00
293.67305	23.257923	24.718059	2.9122317	0.48812986	2007-07-10 00:00:00
286.02029	23.284172	24.707037	5.4235986	0.5192729	2007-07-11 00:00:00
312.993	19.665838	17.583583	4.0889391	0.44410356	2007-07-12 00:00:00
261.20171	17.564177	14.647161	4.1302769	0.65851998	2007-07-13 00:00:00
265.73608	17.772921	15.154237	3.3672506	0.63942545	2007-07-14 00:00:00
219.91892	19.941674	18.522817	4.6215877	0.76472588	2007-07-15 00:00:00
270.73596	18.983753	16.524236	2.8213434	0.61122082	2007-07-16 00:00:00
321.25788	19.881668	16.154334	2.5904084	0.39396284	2007-07-17 00:00:00
180.38417	18.745011	18.178035	2.3006416	0.86682981	2007-07-18 00:00:00
202.05179	19.201252	19.669649	3.0302216	0.8046433	2007-07-19 00:00:00
260.07258	17.998336	17.480623	4.0831828	0.63336475	2007-07-20 00:00:00
308.317	16.854167	15.078428	4.7336317	0.4503492	2007-07-21 00:00:00
318.23492	17.910006	14.429179	2.9002049	0.40014305	2007-07-22 00:00:00
138.09008	17.084586	16.773883	3.0636646	0.96487506	2007-07-23 00:00:00
304.48741	20.27459	19.898639	2.6438821	0.41514168	2007-07-24 00:00:00
309.93796	21.55834	19.872349	2.6609135	0.37829833	2007-07-25 00:00:00
305.98225	22.40542	20.880153	2.6992679	0.38591211	2007-07-26 00:00:00
263.41304	23.371676	22.695902	2.8764661	0.5714955	2007-07-27 00:00:00
195.31321	21.29709	21.168487	2.9051007	0.80231129	2007-07-28 00:00:00
264.60038	21.47292	20.138909	2.4200938	0.57285323	2007-07-29 00:00:00
241.59025	21.814586	20.512018	1.3551324	0.65339234	2007-07-30 00:00:00
303.2822	21.876257	19.481163	3.0548134	0.38070378	2007-07-31 00:00:00
304.50704	23.039594	20.556514	2.256422	0.33873732	2007-08-01 00:00:00
304.39896	24.748341	23.978781	3.0272092	0.28985267	2007-08-02 00:00:00
277.91812	25.201678	24.576821	3.9857259	0.44830799	2007-08-03 00:00:00
294.5265	21.991249	19.387479	4.6019484	0.39110519	2007-08-04 00:00:00
308.37042	17.255008	13.682642	3.0524247	0.35275814	2007-08-05 00:00:00
167.17117	17.743754	16.998341	3.6082981	0.86891739	2007-08-06 00:00:00
178.91746	21.812921	23.249577	1.8380035	0.81746746	2007-08-07 00:00:00
144.96025	21.075014	22.204425	5.1012696	0.91320863	2007-08-08 00:00:00
299.64233	18.323339	15.120515	2.7363248	0.35835323	2007-08-09 00:00:00
106.90767	15.499588	13.795034	2.8907272	1	2007-08-10 00:00:00
295.60917	17.862499	16.223655	4.0366108	0.35405525	2007-08-11 00:00:00
287.66342	21.055841	19.388281	3.1210984	0.36481906	2007-08-12 00:00:00
235.88546	20.184169	17.996247	4.3925823	0.62318671	2007-08-13 00:00:00
273.547	15.54626	13.177452	3.5820322	0.4807503	2007-08-14 00:00:00
253.30542	18.053336	15.517245	3.8584051	0.55316993	2007-08-15 00:00:00
197.82084	20.409168	18.535495	3.7365098	0.74496623	2007-08-16 00:00:00
268.22775	19.381676	16.246756	3.6417497	0.46176962	2007-08-17 00:00:00
242.20446	12.665835	11.062377	6.6240307	0.60607781	2007-08-18 00:00:00
231.76962	13.075839	11.045675	3.6591224	0.64103855	2007-08-19 00:00:00
250.53334	13.515006	10.560669	1.5330402	0.56148011	2007-08-20 00:00:00
248.05375	15.210006	12.46337	2.3674853	0.55426681	2007-08-21 00:00:00
209.19746	14.428344	11.924409	2.9836113	0.70451305	2007-08-22 00:00:00
109.08767	16.093755	15.653059	4.4690285	0.99018508	2007-08-23 00:00:00
215.23329	21.42417	22.171023	4.7172067	0.62550225	2007-08-24 00:00:00
238.11846	25.638756	26.769908	4.3823983	0.47882717	2007-08-25 00:00:00
241.61712	22.294592	20.900326	4.445697	0.49110924	2007-08-26 00:00:00
272.96442	18.701676	15.757241	2.1941112	0.31929192	2007-08-27 00:00:00
256.04525	19.340838	15.418824	1.7322548	0.42840049	2007-08-28 00:00:00
225.60254	20.94167	17.596365	3.2435257	0.56715798	2007-08-29 00:00:00
244.07341	22.265424	20.750126	2.4945114	0.43545592	2007-08-30 00:00:00
134.16287	19.14001	19.191606	3.0417717	0.89296546	2007-08-31 00:00:00
248.26287	14.682096	12.666364	5.4939757	0.45117974	2007-09-01 00:00:00
256.54204	13.392503	10.643385	3.0333687	0.40377905	2007-09-02 00:00:00
247.44529	17.82626	15.090947	4.5903075	0.41048401	2007-09-03 00:00:00
223.22267	14.83709	11.998702	5.1469402	0.55930965	2007-09-04 00:00:00
254.21371	12.726256	9.0429141	3.336839	0.3914888	2007-09-05 00:00:00
225.09945	16.646254	13.955736	4.3610442	0.51750487	2007-09-06 00:00:00
236.79696	21.716252	20.683995	4.1410631	0.37459802	2007-09-07 00:00:00
196.65983	23.337511	22.082971	4.2727381	0.59830503	2007-09-08 00:00:00
87.238375	18.627087	19.796579	2.9251392	1	2007-09-09 00:00:00
104.78558	16.749172	17.96833	1.2556031	0.95514282	2007-09-10 00:00:00
120.132	15.997085	17.220066	4.3400504	0.90389302	2007-09-11 00:00:00
235.29908	14.195004	11.528435	6.6111185	0.3948177	2007-09-12 00:00:00
153.77413	12.635004	10.417835	2.2933845	0.78823408	2007-09-13 00:00:00
171.20717	15.113757	13.3378	6.3950496	0.70128773	2007-09-14 00:00:00
103.42083	12.625419	12.588712	5.6809076	0.95033332	2007-09-15 00:00:00
218.92592	9.2504211	8.7228881	2.8780015	0.45813158	2007-09-16 00:00:00
186.87533	10.945425	8.9949564	1.5498431	0.62625666	2007-09-17 00:00:00
223.27009	11.714596	9.7751681	1.9199947	0.38743418	2007-09-18 00:00:00
218.80375	12.94959	11.152949	3.2289195	0.39291163	2007-09-19 00:00:00
216.16187	16.522511	14.055169	3.4946832	0.36822983	2007-09-20 00:00:00
175.39162	18.27209	16.811266	2.6273521	0.60947703	2007-09-21 00:00:00
205.41575	19.081672	18.532442	4.8844007	0.38068008	2007-09-22 00:00:00
212.36821	15.49334	12.171117	5.7110107	0.36469594	2007-09-23 00:00:00
205.477	15.318343	11.486286	3.9573889	0.41206402	2007-09-24 00:00:00
204.54083	18.747504	14.834806	4.0939518	0.36880161	2007-09-25 00:00:00
144.18571	22.346676	19.90558	4.6211429	0.71492879	2007-09-26 00:00:00
160.52454	22.332506	20.820527	3.1702436	0.61363898	2007-09-27 00:00:00
146.53958	17.141669	15.993941	4.5817723	0.70285482	2007-09-28 00:00:00
197.99267	12.503759	10.602139	5.8336816	0.39226883	2007-09-29 00:00:00
164.02333	10.588337	9.5421756	2.7213246	0.62092005	2007-09-30 00:00:00
195.62304	12.68042	11.827449	4.971031	0.36038063	2007-10-01 00:00:00
193.48129	13.815425	11.911049	4.0773295	0.3587594	2007-10-02 00:00:00
187.52079	16.369165	15.571725	5.0402288	0.35743429	2007-10-03 00:00:00
177.22291	17.909589	15.123199	3.2258901	0.43929309	2007-10-04 00:00:00
186.00325	18.424179	14.553569	2.3207664	0.33785029	2007-10-05 00:00:00
155.60854	19.252504	16.722013	2.4433814	0.56388691	2007-10-06 00:00:00
160.74617	14.824584	13.245135	4.5209274	0.53574454	2007-10-07 00:00:00
85.010915	12.826672	13.610294	2.1279017	0.93123177	2007-10-08 00:00:00
137.89754	12.353761	12.112156	3.5512187	0.66745614	2007-10-09 00:00:00
78.619208	11.226678	12.289483	4.8676562	0.95235256	2007-10-10 00:00:00
78.9535	11.460424	12.738171	4.7584395	0.94590177	2007-10-11 00:00:00
82.869291	9.9945897	11.091639	5.902539	0.92772525	2007-10-12 00:00:00
167.73658	6.7645902	6.9851182	4.875362	0.42641925	2007-10-13 00:00:00
118.03742	6.6204213	7.3496017	5.3685363	0.75468023	2007-10-14 00:00:00
130.59829	7.6845922	8.0580586	5.4537194	0.66942617	2007-10-15 00:00:00
169.04442	7.31042	7.554203	4.9462385	0.33630512	2007-10-16 00:00:00
142.57167	9.2737569	8.4839377	2.3486082	0.5603069	2007-10-17 00:00:00
130.40767	14.861679	13.727442	2.4690443	0.60716358	2007-10-18 00:00:00
94.417	16.386673	17.368679	6.3439229	0.8142086	2007-10-19 00:00:00
111.61121	15.75626	14.013136	6.0386305	0.71429631	2007-10-20 00:00:00
145.04987	13.532924	10.960772	4.8687523	0.45693451	2007-10-21 00:00:00
152.44875	15.938751	12.313673	3.7323515	0.33450328	2007-10-22 00:00:00
76.166415	17.085001	15.677872	6.4279189	0.88832904	2007-10-23 00:00:00
35.236292	10.697505	11.402076	2.7529908	1	2007-10-24 00:00:00
138.05763	9.0879252	8.1673958	2.2971149	0.45446389	2007-10-25 00:00:00
146.82242	7.2870906	7.8309428	4.4070737	0.32818635	2007-10-26 00:00:00
46.739167	12.935414	13.620703	6.9304642	1	2007-10-27 00:00:00
129.98946	6.8983398	6.7832171	8.103345	0.49895819	2007-10-28 00:00:00
123.79833	1.6200068	4.3408436	4.8311586	0.56036377	2007-10-29 00:00:00
127.44483	6.6508347	7.0159119	3.4485629	0.49133186	2007-10-30 00:00:00
132.31404	8.940421	8.4609978	5.0571074	0.40437447	2007-10-31 00:00:00
61.891041	9.1508385	9.0066169	5.5520109	0.94092256	2007-11-01 00:00:00
145.524	3.1054181	5.1517834	3.6746183	0.1418772	2007-11-02 00:00:00
96.465667	3.0462585	6.378453	5.5862487	0.7155096	2007-11-03 00:00:00
141.12946	3.2641744	5.3837552	5.422165	0.16680486	2007-11-04 00:00:00
124.31542	4.59167	5.7710902	3.0795493	0.43410511	2007-11-05 00:00:00
62.922875	6.0737485	7.8234105	6.4191232	0.91547946	2007-11-06 00:00:00
87.652459	2.4662605	5.2776237	5.3820213	0.75269557	2007-11-07 00:00:00
111.76508	0.88250504	4.5091048	2.5066264	0.53898205	2007-11-08 00:00:00
85.331166	1.3145869	4.4372729	1.815771	0.75815975	2007-11-09 00:00:00
100.3755	0.0800059	4.3313648	3.9728407	0.62636127	2007-11-10 00:00:00
130.20942	-1.6287343	3.6504863	5.0852889	0.20125903	2007-11-11 00:00:00
93.965043	0.35542196	4.106954	2.642278	0.6645771	2007-11-12 00:00:00
116.81025	3.334169	6.6618694	3.9712617	0.36974669	2007-11-13 00:00:00
120.57733	5.7700071	7.4779553	5.1865417	0.26002639	2007-11-14 00:00:00
43.773875	10.457507	11.79929	5.5105118	0.9920214	2007-11-15 00:00:00
37.717542	1.700839	5.3716062	9.9694232	1	2007-11-16 00:00:00
101.73946	-1.1291641	3.7145737	5.7666962	0.534862	2007-11-17 00:00:00
118.41933	-1.3262454	3.6075861	2.7891493	0.257159	2007-11-18 00:00:00
117.14642	-2.2308271	3.8460309	2.8884831	0.25336822	2007-11-19 00:00:00
41.080167	-1.4037422	4.955193	4.9216353	1	2007-11-20 00:00:00
40.542791	0.49292653	5.8898816	2.8328684	1	2007-11-21 00:00:00
58.048667	5.7216749	8.6511416	4.2304959	0.87292551	2007-11-22 00:00:00
86.061959	-3.0379077	3.4720957	7.8859436	0.64336005	2007-11-23 00:00:00
106.74808	-5.5462453	2.1222768	4.5469965	0.37892325	2007-11-24 00:00:00
105.23979	-1.9470835	3.6968019	4.1190177	0.36776619	2007-11-25 00:00:00
38.938958	1.0920883	5.6568314	3.1789666	1	2007-11-26 00:00:00
65.261292	4.3320925	7.2695636	5.4534825	0.79502503	2007-11-27 00:00:00
103.15641	-1.8091644	4.2321677	4.6394801	0.34866241	2007-11-28 00:00:00
54.60825	1.3141698	5.2093074	7.4795784	0.8817002	2007-11-29 00:00:00
93.135543	-1.3579124	3.2931256	6.8047892	0.49680212	2007-11-30 00:00:00
85.304041	-7.3895782	1.5223647	9.9905484	0.60135102	2007-12-01 00:00:00
36.274833	-9.3437459	1.8812216	3.9296922	1	2007-12-02 00:00:00
25.015542	-3.4641645	4.303525	6.5387795	1	2007-12-03 00:00:00
51.444916	-8.059996	2.8495559	7.091096	0.89822254	2007-12-04 00:00:00
58.72025	-6.9374908	3.1944144	3.1090911	0.83432533	2007-12-05 00:00:00
100.64913	-10.342496	2.3623561	4.1220468	0.30762433	2007-12-06 00:00:00
80.775709	-6.0783295	3.3666563	4.2324798	0.60419745	2007-12-07 00:00:00
78.658251	-3.7162448	4.0416415	4.7734635	0.62019135	2007-12-08 00:00:00
59.697999	-6.5945763	3.0705921	2.9637513	0.8151147	2007-12-09 00:00:00
40.333709	-5.4470759	3.7290245	1.8821663	0.97089218	2007-12-10 00:00:00
85.185124	-5.120417	3.883604	3.1118816	0.52316031	2007-12-11 00:00:00
61.761208	-1.5508268	4.7067249	6.8962749	0.78299886	2007-12-12 00:00:00
66.634459	-9.1354075	2.5725077	3.540069	0.74258371	2007-12-13 00:00:00
42.150375	-3.8229139	4.1126886	5.728563	0.95164936	2007-12-14 00:00:00
96.247418	-12.365827	1.8504553	5.2609274	0.33615992	2007-12-15 00:00:00
27.193125	-7.6058258	3.1178108	8.2205517	1	2007-12-16 00:00:00
83.725292	-12.064154	1.8940496	9.436432	0.54193618	2007-12-17 00:00:00
86.754167	-11.632914	1.96815	3.6307109	0.49647872	2007-12-18 00:00:00
75.002874	-5.5612396	3.6653645	3.892327	0.63804789	2007-12-19 00:00:00
27.125542	-2.5829147	4.8379834	2.399819	1	2007-12-20 00:00:00
50.024375	-4.8999949	3.9407868	2.4799148	0.88451064	2007-12-21 00:00:00
94.880458	-5.0283277	3.9652283	4.3059289	0.32395259	2007-12-22 00:00:00
38.094958	0.7300087	6.1872283	7.1855748	0.97722424	2007-12-23 00:00:00
56.818958	-0.76790339	4.5808	7.5133649	0.82372999	2007-12-24 00:00:00
77.533541	-1.8295769	4.5645053	5.5220567	0.60604599	2007-12-25 00:00:00
89.749543	-2.9108312	4.2746795	2.034047	0.43408684	2007-12-26 00:00:00
35.197667	-1.484994	4.9636572	3.1132465	1	2007-12-27 00:00:00
79.056125	-0.85166143	5.1896498	3.9275163	0.59066605	2007-12-28 00:00:00
67.842168	0.16625621	5.7173371	5.4595016	0.71948707	2007-12-29 00:00:00
88.174625	-1.3608269	4.6449118	3.422786	0.47556033	2007-12-30 00:00:00
44.707541	-1.741245	4.8850641	4.3625361	0.93533937	2007-12-31 00:00:00
25.015042	-3.4533244	4.4122415	4.1488388	1	2008-01-01 00:00:00
66.985958	-8.4849959	2.6772583	8.2522652	0.75398123	2008-01-02 00:00:00
95.288249	-19.094162	1.0696372	6.6336978	0.42748641	2008-01-03 00:00:00
82.369416	-12.321238	2.0157353	3.6344914	0.60385806	2008-01-04 00:00:00
73.822418	-5.3266599	3.4836192	2.8891735	0.6942285	2008-01-05 00:00:00
63.753042	-0.61457926	5.2249004	2.5114751	0.78828331	2008-01-06 00:00:00
48.184541	1.8320938	6.571827	3.6511412	0.91873252	2008-01-07 00:00:00
77.084376	4.9720919	7.6685263	4.4366847	0.65413002	2008-01-08 00:00:00
58.15725	5.022507	6.7041535	8.2165672	0.84374712	2008-01-09 00:00:00
93.285085	0.13127035	4.3265357	5.3524681	0.49303826	2008-01-10 00:00:00
37.377209	1.2583405	6.0105754	6.3201735	1	2008-01-11 00:00:00
96.525084	0.76375987	5.1466417	4.3606888	0.46146397	2008-01-12 00:00:00
94.253958	-0.70499649	4.3164735	2.9387879	0.51216667	2008-01-13 00:00:00
21.43725	-2.9691554	4.4758507	3.674511	1	2008-01-14 00:00:00
72.571834	-4.8041583	3.7869555	4.948586	0.75958849	2008-01-15 00:00:00
95.69025	-7.2008296	3.0992156	5.5777175	0.53711188	2008-01-16 00:00:00
87.401292	-6.9166626	3.1888092	3.6210461	0.63805252	2008-01-17 00:00:00
76.508917	-1.4041631	4.8435892	6.5539365	0.73964334	2008-01-18 00:00:00
103.61971	-4.6766546	3.4274886	4.3345942	0.47092198	2008-01-19 00:00:00
74.245292	-8.350826	2.2865693	6.1079955	0.78238203	2008-01-20 00:00:00
77.171125	-10.513326	1.9421707	5.4445448	0.76687628	2008-01-21 00:00:00
42.238792	-6.3866575	3.1606718	5.8157723	1	2008-01-22 00:00:00
74.013583	-4.7166656	3.3836515	5.1050151	0.79843289	2008-01-23 00:00:00
42.021917	-7.1662443	2.7869255	3.0041412	1	2008-01-24 00:00:00
103.71987	-9.4329132	2.3349989	6.1620178	0.55913767	2008-01-25 00:00:00
89.272416	-6.4099907	3.0674948	2.9606157	0.70001159	2008-01-26 00:00:00
43.110459	-5.242495	3.7250332	3.880195	1	2008-01-27 00:00:00
115.62833	-5.6362455	3.402008	6.0205991	0.45667115	2008-01-28 00:00:00
86.397376	-3.4704142	3.9289835	2.7333614	0.74358994	2008-01-29 00:00:00
46.797625	-0.85500183	4.752377	8.0016012	1	2008-01-30 00:00:00
121.07617	-6.2504079	2.8291729	4.3926615	0.4472391	2008-01-31 00:00:00
53.764042	-3.9658315	4.0348738	8.1170524	0.97287521	2008-02-01 00:00:00
97.925082	-0.77040965	5.089292	6.4101279	0.68261963	2008-02-02 00:00:00
98.27325	-2.7954086	4.4360041	3.2009599	0.69248627	2008-02-03 00:00:00
41.90725	-2.5079114	4.6751908	2.4058	1	2008-02-04 00:00:00
60.330209	0.15667241	5.8845671	5.3372646	0.94775494	2008-02-05 00:00:00
45.65875	-0.032072449	5.8263613	2.9211107	1	2008-02-06 00:00:00
34.740833	-3.362911	4.3657483	3.3355274	1	2008-02-07 00:00:00
83.437125	-3.29416	4.4178634	2.5929542	0.83235196	2008-02-08 00:00:00
42.371749	-3.8454053	4.2783026	3.8150945	1	2008-02-09 00:00:00
93.711666	-2.954999	4.0750179	6.7380002	0.78339476	2008-02-10 00:00:00
122.0935	-12.639577	1.6798031	9.9719894	0.60593491	2008-02-11 00:00:00
143.80779	-10.838744	2.1923171	4.4768906	0.41306924	2008-02-12 00:00:00
48.573208	-3.0945839	4.5638001	6.5006387	1	2008-02-13 00:00:00
146.92221	-5.7429108	3.3392038	6.4611158	0.40515013	2008-02-14 00:00:00
73.896042	-4.2279139	3.6905697	5.5383707	0.92413153	2008-02-15 00:00:00
152.53154	-11.827912	1.8383032	4.6681749	0.39949486	2008-02-16 00:00:00
126.86404	-6.2533274	3.2046543	6.1443863	0.62842196	2008-02-17 00:00:00
75.262999	3.6591736	7.3169552	5.8587081	0.92953095	2008-02-18 00:00:00
90.097418	-1.0904106	3.3404528	7.1655064	0.87217754	2008-02-19 00:00:00
96.626207	-6.1283211	2.047842	6.2698483	0.8496484	2008-02-20 00:00:00
139.06054	-9.1862434	2.1260218	5.2623792	0.61431835	2008-02-21 00:00:00
39.217958	-7.8174983	2.9112173	3.46274	1	2008-02-22 00:00:00
90.586708	-5.7020719	3.4680899	3.819279	0.89142023	2008-02-23 00:00:00
147.98704	-6.0966654	3.2999945	4.1857565	0.58335678	2008-02-24 00:00:00
148.72117	-3.6945722	3.9477083	3.0779363	0.58733625	2008-02-25 00:00:00
58.187417	-1.8616674	4.7173697	3.682284	1	2008-02-26 00:00:00
52.443208	-3.889994	4.0122321	6.6776172	1	2008-02-27 00:00:00
102.08088	-11.489578	1.940364	6.5981331	0.87183572	2008-02-28 00:00:00
175.24938	-13.751659	1.7016514	3.774572	0.47006456	2008-02-29 00:00:00
93.093042	-3.6491582	4.2286128	6.4287953	0.91426956	2008-03-01 00:00:00
191.38929	-5.4541611	3.2937836	7.7246899	0.34640611	2008-03-02 00:00:00
129.72329	-3.8220772	3.7063351	4.4839236	0.76566844	2008-03-03 00:00:00
80.664001	1.5287542	6.1155572	4.1843103	0.97207861	2008-03-04 00:00:00
68.193041	0.06209081	5.4437972	8.9637309	1	2008-03-05 00:00:00
210.47258	-1.5933263	4.3354311	3.2654158	0.20574047	2008-03-06 00:00:00
152.60071	-0.0024945577	5.3137656	4.2912908	0.67828232	2008-03-07 00:00:00
72.330083	1.2454264	6.2806828	4.0591616	1	2008-03-08 00:00:00
119.07383	-4.0274948	3.0696812	10.063539	0.85285576	2008-03-09 00:00:00
212.89671	-5.8433225	2.491643	5.2885657	0.33147965	2008-03-10 00:00:00
223.92933	-4.6758268	3.2927753	3.3763729	0.21220793	2008-03-11 00:00:00
62.635041	-1.0645749	4.4801048	4.6512617	1	2008-03-12 00:00:00
195.13317	-2.9845757	3.0770051	3.8369718	0.51682594	2008-03-13 00:00:00
152.38575	0.99584478	5.4754888	2.2197214	0.73633083	2008-03-14 00:00:00
145.404	0.88458913	5.7149491	1.90012	0.77239104	2008-03-15 00:00:00
109.9635	-0.17749888	5.0802349	5.1737303	0.91444704	2008-03-16 00:00:00
242.86888	-2.8704056	3.2142711	8.463716	0.14313822	2008-03-17 00:00:00
144.76812	-2.0733284	3.6517473	2.4038578	0.80025642	2008-03-18 00:00:00
55.12575	-0.30582784	5.310491	6.6348103	1	2008-03-19 00:00:00
57.944375	0.32375997	5.4167102	7.6892801	1	2008-03-20 00:00:00
169.46229	-5.2433253	2.7396897	12.52945	0.72359796	2008-03-21 00:00:00
255.65238	-5.286659	2.5925362	8.5443529	0.15293069	2008-03-22 00:00:00
257.08804	-5.0595802	2.4056969	5.8234059	0.17583838	2008-03-23 00:00:00
186.5295	-3.9687472	2.9144656	2.4132451	0.67179042	2008-03-24 00:00:00
263.15754	-2.3224955	2.899667	3.9971601	0.13686899	2008-03-25 00:00:00
147.36392	1.569588	5.087233	5.6624079	0.82707169	2008-03-26 00:00:00
204.15887	1.5470876	4.3741503	3.8670919	0.60825746	2008-03-27 00:00:00
65.19625	0.37708689	5.4513151	3.6640536	1	2008-03-28 00:00:00
218.15563	-4.8087448	3.1387644	8.2299102	0.57916734	2008-03-29 00:00:00
275.12704	-3.2370743	3.3126566	3.4339226	0.18241649	2008-03-30 00:00:00
93.855791	0.32750219	5.2155533	5.3687573	1	2008-03-31 00:00:00
123.0305	10.256675	11.228106	6.7797434	0.92028206	2008-04-01 00:00:00
258.23942	0.5633344	3.6061289	10.248695	0.39945796	2008-04-02 00:00:00
268.33937	1.1904223	3.5241228	5.2257032	0.3448144	2008-04-03 00:00:00
63.782417	1.952094	5.7383306	3.867812	1	2008-04-04 00:00:00
176.81075	4.6887489	7.0322313	3.7797317	0.77484529	2008-04-05 00:00:00
219.12296	3.6816752	6.4889066	4.6929791	0.62374117	2008-04-06 00:00:00
270.80141	3.2662547	5.766436	6.0527007	0.36778935	2008-04-07 00:00:00
271.58334	3.5758364	5.1218104	4.1741654	0.38415351	2008-04-08 00:00:00
258.06062	6.6916773	6.4403669	4.6859155	0.46634522	2008-04-09 00:00:00
262.57209	7.4545914	7.433293	6.2266408	0.44430513	2008-04-10 00:00:00
123.36583	4.382505	6.688034	3.5947232	0.95693313	2008-04-11 00:00:00
240.42271	10.180427	9.6760711	5.0528642	0.56036687	2008-04-12 00:00:00
127.80954	2.7216812	5.361586	5.931213	0.95259491	2008-04-13 00:00:00
206.2998	2.3841746	4.5662547	5.6316321	0.72920038	2008-04-14 00:00:00
293.20192	4.1258369	4.1456139	3.476601	0.34798909	2008-04-15 00:00:00
290.57242	7.7083361	4.6657494	2.818659	0.37321021	2008-04-16 00:00:00
289.89867	10.575843	6.1113979	2.9648063	0.37497507	2008-04-17 00:00:00
290.26325	13.769172	6.7933866	2.4674297	0.37789654	2008-04-18 00:00:00
288.99096	13.378754	8.1017901	4.1937694	0.38463096	2008-04-19 00:00:00
280.38746	9.8466736	9.2695655	5.2532056	0.43508789	2008-04-20 00:00:00
281.15109	10.875005	9.0280832	3.1461828	0.44240482	2008-04-21 00:00:00
281.59667	13.217087	9.0509108	3.1530522	0.44893078	2008-04-22 00:00:00
207.36579	15.508759	11.060028	3.5526372	0.74112971	2008-04-23 00:00:00
303.65204	12.378342	8.0743363	5.9236494	0.34815887	2008-04-24 00:00:00
303.62213	10.930007	6.4914107	2.7872237	0.37602134	2008-04-25 00:00:00
223.56267	7.6316671	7.5486949	5.9074801	0.71375664	2008-04-26 00:00:00
166.84458	7.7891645	8.4287854	3.8325059	0.87803982	2008-04-27 00:00:00
103.72417	5.6095889	8.5085194	7.0008287	1	2008-04-28 00:00:00
70.095208	7.2870867	9.1608797	6.1961275	1	2008-04-29 00:00:00
201.87263	3.3054189	5.1760201	4.366171	0.79996176	2008-04-30 00:00:00
226.39317	6.1162608	4.9641672	2.29149	0.73268125	2008-05-01 00:00:00
162.57288	7.3958387	7.3874722	3.9310056	0.90164243	2008-05-02 00:00:00
66.482249	4.7112607	7.6840541	6.5357119	1	2008-05-03 00:00:00
150.31008	7.3420883	9.2061759	4.0638017	0.93120912	2008-05-04 00:00:00
279.91425	11.009592	9.3332306	2.7910394	0.54117715	2008-05-05 00:00:00
288.36909	12.721254	8.204385	2.9074832	0.51798248	2008-05-06 00:00:00
307.54504	11.423752	7.9501384	3.930268	0.43722022	2008-05-07 00:00:00
248.09525	13.694588	12.157094	5.599088	0.65683241	2008-05-08 00:00:00
267.43416	9.7670888	8.8705923	2.870559	0.60842855	2008-05-09 00:00:00
228.64638	9.8587547	8.6033996	3.9925309	0.73806337	2008-05-10 00:00:00
315.07037	8.8558416	7.9494855	3.5288379	0.43573548	2008-05-11 00:00:00
266.94296	7.3195854	7.3635023	5.358714	0.63543108	2008-05-12 00:00:00
306.58025	10.090003	7.7228939	4.2164621	0.48740329	2008-05-13 00:00:00
314.71867	12.237924	8.4009462	2.6726409	0.45047021	2008-05-14 00:00:00
151.91075	11.699588	10.616668	3.2374134	0.94255029	2008-05-15 00:00:00
251.67534	11.170836	9.7628038	2.2320229	0.68550217	2008-05-16 00:00:00
291.45896	12.135426	10.110606	3.9826551	0.5501494	2008-05-17 00:00:00
271.89954	11.625004	9.863963	3.8746069	0.6252188	2008-05-18 00:00:00
208.53771	7.4533389	7.8250632	7.0617384	0.81889409	2008-05-19 00:00:00
286.73041	9.4712591	8.545361	3.2671931	0.58671605	2008-05-20 00:00:00
234.50642	10.500005	8.7412696	3.7385561	0.75073808	2008-05-21 00:00:00
165.12704	7.7533343	7.9455692	4.2595911	0.92566481	2008-05-22 00:00:00
245.44033	9.7641731	9.1222486	7.072449	0.72231662	2008-05-23 00:00:00
226.73584	10.807087	9.3940822	5.98096	0.77480518	2008-05-24 00:00:00
326.70004	12.318755	8.9932476	3.7892825	0.43927439	2008-05-25 00:00:00
299.61938	16.485005	12.492908	5.0876302	0.53341687	2008-05-26 00:00:00
245.81658	17.253341	14.937841	5.9084113	0.70630187	2008-05-27 00:00:00
319.49208	8.0612528	7.5847285	6.139698	0.49130662	2008-05-28 00:00:00
326.61825	11.00001	8.6442928	5.3691415	0.45574728	2008-05-29 00:00:00
326.49475	14.120423	10.689342	2.9840866	0.44316809	2008-05-30 00:00:00
223.42667	17.247509	15.673383	5.2440146	0.77303641	2008-05-31 00:00:00
227.76646	15.359591	13.616025	4.6459916	0.76889558	2008-06-01 00:00:00
266.24129	14.341674	12.331145	4.3849881	0.6636406	2008-06-02 00:00:00
