1.2028302e-07	18.508493
1.2028302e-07	21.537765
1.2028302e-07	17.983635
1.2028302e-07	15.037637
1.2028302e-07	11.735204
1.2028302e-07	12.711492
1.2028302e-07	15.848006
1.2028302e-07	13.506803
9.9726812e-07	12.319187
1.2132474e-07	13.562568
1.9961322e-06	11.805805
1.1615577e-06	10.450592
1.2445671e-07	16.022131
1.2341155e-07	17.901663
1.2341155e-07	18.702367
1.223675e-07	16.999503
1.223675e-07	17.053232
1.223675e-07	17.278093
1.2132474e-07	21.917799
1.2132474e-07	24.06194
1.2132474e-07	20.666845
1.2132474e-07	17.185286
1.2132474e-07	19.840795
1.2132474e-07	21.504719
1.2132474e-07	19.678049
1.2132474e-07	19.365724
1.2132474e-07	18.852857
1.2132474e-07	21.482127
1.2132474e-07	19.817095
1.0714213e-06	19.880032
1.223675e-07	19.502709
1.223675e-07	17.316424
1.2132474e-07	20.916011
1.2132474e-07	20.663038
1.2132474e-07	21.227592
1.2132474e-07	20.803466
1.2132474e-07	18.201629
1.2132474e-07	17.80697
1.2028302e-07	20.487665
1.2028302e-07	20.508806
1.2028302e-07	20.908944
1.2028302e-07	21.017563
1.2028302e-07	21.268859
9.1188995e-07	18.587164
1.1545118e-06	20.648538
1.223675e-07	23.384011
1.2132474e-07	23.445956
1.2132474e-07	24.288128
1.2132474e-07	24.528807
1.2132474e-07	20.59035
1.2028302e-07	19.622044
1.2028302e-07	21.039562
1.2028302e-07	20.137044
2.4753594e-06	16.845736
1.223675e-07	17.938486
1.223675e-07	20.335827
1.223675e-07	22.207549
1.2132474e-07	23.072788
1.2132474e-07	22.841553
1.2132474e-07	21.724239
1.2132474e-07	20.724406
1.2028302e-07	18.703961
1.2028302e-07	23.218115
1.2028302e-07	26.217577
1.2028302e-07	24.502896
1.2028302e-07	20.788137
1.2028302e-07	20.028563
1.2028302e-07	17.186841
1.2028302e-07	19.784454
1.2028302e-07	19.803345
1.2028302e-07	17.052384
1.1924735e-07	18.173655
1.1924735e-07	15.259604
1.1924735e-07	13.628836
1.1924735e-07	14.283329
1.1924735e-07	16.287125
1.1924735e-07	19.748985
1.1924735e-07	18.374228
1.1924735e-07	18.001841
1.1822011e-07	19.404882
1.1822011e-07	20.41678
8.5867713e-07	17.101901
1.1924735e-07	15.958957
1.1924735e-07	17.992433
1.1924735e-07	18.158851
1.1924735e-07	14.739374
1.1924735e-07	15.226549
1.1822011e-07	15.133848
1.1822011e-07	14.317634
1.0825994e-06	13.744167
1.1924735e-07	16.017832
1.1822011e-07	18.300625
1.1822011e-07	13.224868
1.1822011e-07	14.91026
1.1822011e-07	14.248963
1.1822011e-07	13.092682
1.1822011e-07	15.716324
1.1822011e-07	16.760696
1.1822011e-07	17.182224
1.1822011e-07	16.730634
1.1822011e-07	17.595864
1.1822011e-07	18.499852
1.1822011e-07	13.645472
1.1822011e-07	11.757863
1.1822011e-07	10.996481
1.1822011e-07	12.219764
1.1822011e-07	14.665711
1.1822011e-07	16.807755
1.1822011e-07	18.15673
1.1822011e-07	18.359529
1.1822011e-07	19.089184
1.1822011e-07	18.595324
1.1822011e-07	15.086553
1.1822011e-07	10.894553
1.1822011e-07	11.087905
1.1822011e-07	13.464237
1.1822011e-07	18.303923
1.1822011e-07	13.61145
1.1822011e-07	13.055175
1.1822011e-07	12.510557
1.1822011e-07	14.341864
1.1822011e-07	12.284072
1.1822011e-07	8.4124973
1.1822011e-07	11.167849
1.1822011e-07	11.718469
1.1822011e-07	13.568475
1.1822011e-07	17.462802
1.1822011e-07	12.121898
1.1822011e-07	8.9162915
1.1822011e-07	8.0249965
1.1822011e-07	9.9001131
1.1822011e-07	13.341807
1.1822011e-07	13.291198
1.1822011e-07	12.283514
7.6690708e-07	14.568485
1.1924735e-07	8.4546595
1.1924735e-07	5.889664
1.1924735e-07	5.6808173
1.1924735e-07	7.899236
1.1924735e-07	7.6967077
1.1924735e-07	11.952121
1.1924735e-07	12.479329
1.1924735e-07	13.502142
1.1924735e-07	5.5134158
1.1924735e-07	4.108252
1.1924735e-07	7.5905242
1.1924735e-07	6.2151853
1.1924735e-07	5.5112649
1.1822011e-07	5.1709703
1.1822011e-07	3.6538706
1.1822011e-07	7.0048133
1.2256882e-06	5.8571095
1.1924735e-07	5.4743819
1.1924735e-07	7.3580445
1.1924735e-07	12.202576
1.1924735e-07	7.3441703
1.1924735e-07	3.4035971
1.1822011e-07	2.291624
1.1822011e-07	2.455149
1.1822011e-07	4.5183514
1.1720123e-07	6.6133489
1.1720123e-07	9.922439
9.1865192e-07	13.143305
1.1822011e-07	10.749843
1.1822011e-07	7.5967333
1.1822011e-07	11.073616
1.1822011e-07	11.592263
1.1822011e-07	9.7757265
1.1822011e-07	11.578229
1.1822011e-07	13.168481
9.0752639e-07	14.858714
1.1924735e-07	6.7813183
1.1924735e-07	4.7279531
1.1822011e-07	2.9619865
1.1822011e-07	0.98072677
1.1822011e-07	1.4448982
1.1822011e-07	1.9427194
1.1822011e-07	3.0968965
1.1720123e-07	1.8278423
1.1720123e-07	4.1214223
1.1720123e-07	7.6409114
1.1720123e-07	6.7219862
1.1720123e-07	5.6746722
1.1720123e-07	10.933802
1.1720123e-07	14.190578
1.1720123e-07	6.8918558
1.1720123e-07	1.4535792
1.1720123e-07	0.99490655
1.1720123e-07	0.9626376
1.1720123e-07	0.96262784
1.1618857e-07	3.1460845
1.1618857e-07	0.9628554
1.1618857e-07	0.9626376
1.1618857e-07	1.7840243
1.1618857e-07	2.1990796
1.1618857e-07	0.97971141
1.1618857e-07	2.4857333
1.1618857e-07	4.7289113
1.1618857e-07	5.679734
1.1518044e-07	5.397241
1.1518044e-07	3.4756079
1.1518044e-07	5.343565
1.1518044e-07	1.3626706
1.1518044e-07	0.96442316
1.1518044e-07	1.8867595
1.1518044e-07	0.96920883
1.1518044e-07	3.3150099
1.1518044e-07	3.5504305
1.1518044e-07	2.4884149
1.1518044e-07	3.3233555
1.1518044e-07	1.4648598
1.1518044e-07	0.99525309
1.1518044e-07	0.9626376
1.1518044e-07	0.9626376
1.1518044e-07	0.9626376
1.1518044e-07	0.97675758
1.1518044e-07	1.9777894
1.1518044e-07	1.1211818
1.1518044e-07	3.3171558
1.1518044e-07	5.8429793
1.1518044e-07	12.005381
1.1855799e-06	5.6796782
1.1618857e-07	5.0470228
1.1618857e-07	2.6998084
1.1618857e-07	0.96264523
1.1618857e-07	0.9626376
1.1618857e-07	1.1231807
1.1618857e-07	3.3272166
1.1618857e-07	0.97326926
1.1618857e-07	0.96338473
1.0426444e-06	0.65663775
1.1618857e-07	0.9626376
1.1618857e-07	0.9626376
1.1618857e-07	0.9626376
1.1618857e-07	0.9626376
1.1618857e-07	0.9626376
1.1618857e-07	0.9626376
1.1618857e-07	0.9626376
1.1618857e-07	0.9626376
1.1518044e-07	0.9626376
1.1518044e-07	0.9626376
1.1518044e-07	0.9626376
1.1518044e-07	0.9626376
1.1518044e-07	0.9626376
1.1518044e-07	0.9626376
1.1518044e-07	0.9626376
1.1518044e-07	0.9626376
1.1518044e-07	0.9626376
1.1417662e-07	0.9626376
1.1417662e-07	0.9626376
1.1417662e-07	0.9626376
1.1417662e-07	0.9626376
1.1417662e-07	0.9626376
1.1417662e-07	0.9626376
1.1417662e-07	0.9626376
1.1417662e-07	0.9626376
1.1417662e-07	0.9626376
1.1317689e-07	0.9626376
1.0346642e-06	0.65592883
1.1317689e-07	0.9626376
1.0011571e-06	0.6572021
1.1417662e-07	0.9626376
1.1417662e-07	0.9626376
1.1417662e-07	0.9626376
1.1417662e-07	0.9626376
1.1417662e-07	0.9626339
1.1417662e-07	0.9626339
1.1417662e-07	0.96263653
1.1417662e-07	0.96263653
1.1417662e-07	0.9626376
1.1417662e-07	0.9626376
1.1417662e-07	0.9626376
1.1417662e-07	0.9626376
1.1417662e-07	0.9626376
1.1417662e-07	0.9626376
1.1417662e-07	0.96387937
1.1417662e-07	0.99511403
1.1417662e-07	0.96228852
1.1417662e-07	0.9626376
1.1417662e-07	0.9626376
1.1417662e-07	0.9626376
1.1417662e-07	0.9626376
1.1417662e-07	0.9626376
1.1417662e-07	0.96229664
1.1417662e-07	3.0259658
1.1417662e-07	1.3023449
1.1417662e-07	3.3605026
1.1417662e-07	8.6632941
1.1417662e-07	9.1218296
1.0368662e-06	0.6559372
1.1518044e-07	0.9626376
1.1518044e-07	0.9626376
1.1518044e-07	0.9626376
1.1518044e-07	0.9626376
1.1518044e-07	0.9626376
1.1518044e-07	2.8952465
1.1518044e-07	7.226396
1.1518044e-07	4.2289982
1.060667e-06	3.7119488
1.1618857e-07	4.3346604
1.1618857e-07	7.4205058
1.1618857e-07	5.6386478
1.1618857e-07	1.0883934
1.0736677e-06	2.8918835
1.1720123e-07	2.7598952
1.1720123e-07	5.5382078
1.1720123e-07	4.1718478
1.1022219e-06	3.8862009
1.1822011e-07	2.429311
1.1822011e-07	0.96244004
1.1822011e-07	0.9626376
1.1822011e-07	0.9626376
1.1822011e-07	0.9626376
1.1822011e-07	0.98949355
1.1822011e-07	1.6539782
1.1822011e-07	1.2360801
1.1822011e-07	2.5465439
1.1965249e-06	1.8301865
1.1822011e-07	4.5899687
1.1822011e-07	4.1509278
2.2383413e-06	3.7300034
2.5081241e-06	3.506515
1.1445095e-06	3.9533449
1.2341155e-07	7.7549097
1.2341155e-07	8.2400937
1.1235969e-06	9.7766372
1.2445671e-07	11.874579
1.2445671e-07	15.399921
1.2341155e-07	13.413314
1.2341155e-07	7.5445217
1.2341155e-07	9.1027252
1.2341155e-07	8.6700115
1.223675e-07	10.662306
1.223675e-07	10.465369
1.223675e-07	10.417132
1.223675e-07	8.6215737
1.223675e-07	9.5178671
1.223675e-07	7.5298773
1.223675e-07	7.4892308
1.223675e-07	8.3827041
1.223675e-07	7.5336516
1.2132474e-07	10.165624
1.2132474e-07	13.222456
1.2132474e-07	16.960988
1.2132474e-07	19.728578
1.2132474e-07	18.906811
1.2132474e-07	13.554618
1.2132474e-07	9.4083948
1.2028302e-07	9.6213965
1.2028302e-07	12.352907
1.2028302e-07	16.192634
1.1470762e-06	9.6385674
1.2132474e-07	7.6332356
1.2132474e-07	9.539137
1.2132474e-07	11.839351
1.2132474e-07	11.300472
1.2132474e-07	11.495008
1.2132474e-07	13.313101
1.2132474e-07	17.674027
1.2132474e-07	21.266405
1.2132474e-07	19.185077
1.2132474e-07	14.913876
1.2132474e-07	17.709757
1.2132474e-07	14.847858
1.2028302e-07	15.669368
1.2028302e-07	16.475049
1.2028302e-07	18.130409
1.2028302e-07	20.024974
1.2028302e-07	19.409733
1.2028302e-07	14.051853
1.2028302e-07	17.584262
1.2028302e-07	13.73146
1.2028302e-07	11.612461
1.2028302e-07	17.591325
1.2028302e-07	18.400712
1.2028302e-07	16.801595
1.2028302e-07	18.585224
1.2028302e-07	19.394685
1.2028302e-07	16.120745
1.2028302e-07	13.810118
1.2028302e-07	15.92996
1.2028302e-07	18.167479
1.2028302e-07	19.310156
1.2028302e-07	18.116673
1.2028302e-07	18.720823
1.2028302e-07	19.504808
1.2028302e-07	16.340047
1.2028302e-07	14.239337
1.1924735e-07	13.013448
1.1924735e-07	13.974406
1.1924735e-07	19.139392
1.1924735e-07	22.330314
1.1924735e-07	23.926956
1.1924735e-07	22.465737
1.1924735e-07	15.73886
1.1924735e-07	14.701211
1.1924735e-07	13.046675
1.1924735e-07	12.795031
1.1822011e-07	15.257012
1.1822011e-07	17.276774
1.0329746e-06	16.484505
1.1924735e-07	19.319287
1.1924735e-07	17.223316
1.1924735e-07	19.288178
1.1924735e-07	19.316
1.1924735e-07	22.280141
1.1924735e-07	23.07527
1.041947e-06	19.115508
1.2028302e-07	17.716403
1.2028302e-07	17.484871
1.2028302e-07	19.637031
1.2028302e-07	18.924586
1.2028302e-07	19.502962
1.2028302e-07	18.868535
1.2028302e-07	19.291577
1.2028302e-07	18.518807
1.1064448e-06	15.586909
1.2132474e-07	17.624555
1.2132474e-07	17.237203
1.2132474e-07	19.623753
1.2132474e-07	21.144488
1.2132474e-07	21.756304
1.2132474e-07	22.878292
1.2132474e-07	21.281165
1.2132474e-07	20.926522
1.2132474e-07	21.467332
1.2132474e-07	21.511092
1.2132474e-07	22.397898
1.2132474e-07	23.803956
1.2132474e-07	24.747358
1.2028302e-07	22.399202
1.2028302e-07	17.526361
1.2028302e-07	17.282242
1.2028302e-07	21.17757
1.2028302e-07	20.881683
1.2028302e-07	18.775165
1.2028302e-07	16.385135
1.2028302e-07	17.023018
1.2028302e-07	20.531085
1.2028302e-07	20.55758
1.2028302e-07	15.883098
1.2028302e-07	17.652498
1.2028302e-07	19.722145
1.2028302e-07	20.305377
1.2028302e-07	13.806974
1.2028302e-07	13.278819
1.2028302e-07	13.440752
1.2028302e-07	15.73886
1.2028302e-07	14.554496
1.2028302e-07	15.903988
1.2028302e-07	20.167065
1.2028302e-07	24.547812
1.2028302e-07	23.111746
1.2028302e-07	18.436985
1.2028302e-07	19.148443
1.2028302e-07	20.645139
1.2028302e-07	21.554767
1.2028302e-07	19.774357
1.2028302e-07	15.794638
1.1924735e-07	13.507218
1.1924735e-07	17.036905
1.1924735e-07	16.356346
1.1924735e-07	12.888604
1.1924735e-07	15.992272
1.1924735e-07	20.755418
1.1924735e-07	22.731287
1.1924735e-07	19.300861
1.1924735e-07	17.026096
1.1924735e-07	16.212573
1.1924735e-07	15.38334
1.1924735e-07	12.815334
1.1924735e-07	14.96824
1.1924735e-07	14.204789
1.1924735e-07	9.8070746
1.1924735e-07	11.535419
1.1924735e-07	12.437293
1.1924735e-07	12.903726
1.1924735e-07	16.067447
1.1924735e-07	18.333062
1.1924735e-07	18.455856
1.1924735e-07	16.938383
1.1924735e-07	15.01714
1.1924735e-07	18.005243
1.1924735e-07	21.730192
1.1924735e-07	21.930146
1.1924735e-07	18.373095
1.1924735e-07	13.553739
1.1924735e-07	11.300534
1.1924735e-07	12.839879
1.1924735e-07	13.937765
1.1924735e-07	16.060247
1.1924735e-07	17.884009
1.1924735e-07	18.207682
1.1924735e-07	18.786566
1.1924735e-07	16.244141
1.1924735e-07	12.872976
1.1924735e-07	13.635419
1.1924735e-07	11.736157
1.1924735e-07	11.999554
1.1924735e-07	11.653364
1.1924735e-07	7.3816157
1.1924735e-07	8.0892199
1.1924735e-07	8.3464137
1.1924735e-07	8.6628767
1.1924735e-07	9.174616
1.1924735e-07	14.552158
1.1924735e-07	16.228433
1.1924735e-07	16.674537
1.1924735e-07	13.827815
1.1924735e-07	15.923533
1.1924735e-07	16.815925
1.1924735e-07	12.585464
1.1924735e-07	10.198641
1.1822011e-07	8.1250596
1.1822011e-07	12.481656
1.1822011e-07	9.694653
1.1822011e-07	3.3970565
1.1822011e-07	6.6952253
1.1822011e-07	9.6308359
1.1822011e-07	10.243038
1.1822011e-07	5.4039804
1.1822011e-07	3.9975496
1.1720123e-07	4.9130301
1.1720123e-07	5.4081342
1.1720123e-07	7.4328069
1.1720123e-07	4.2296076
1.1720123e-07	2.5659284
1.1720123e-07	2.761765
1.1720123e-07	2.4191321
1.1720123e-07	0.96579777
1.1720123e-07	1.5139236
1.1618857e-07	4.3780951
1.1618857e-07	5.7117312
1.1618857e-07	11.124719
1.0745604e-06	4.5541274
1.1720123e-07	0.99698732
1.1720123e-07	0.97277772
1.1720123e-07	0.96453403
1.1720123e-07	0.96262978
1.1618857e-07	1.7703992
1.1618857e-07	5.7306573
1.1618857e-07	1.2888138
1.1618857e-07	0.96258829
1.1618857e-07	0.96262052
1.1618857e-07	1.8427476
1.0617736e-06	5.4010902
1.1720123e-07	0.99564801
1.1720123e-07	1.9934945
1.1720123e-07	1.0924383
1.1720123e-07	0.96263349
1.1618857e-07	0.9626376
1.0430762e-06	0.6566217
1.1720123e-07	0.9626376
1.1618857e-07	0.9626376
1.1618857e-07	0.9626376
1.1618857e-07	0.9626376
1.1618857e-07	0.9626376
1.1618857e-07	0.9626376
1.1618857e-07	0.9626376
1.1618857e-07	0.9626376
1.1618857e-07	1.1521829
1.1618857e-07	0.96253999
1.1618857e-07	0.9626376
1.1618857e-07	0.9626376
1.1618857e-07	0.9626376
1.1618857e-07	0.9626376
1.1618857e-07	0.9626376
1.1618857e-07	0.9626376
1.1618857e-07	0.9626376
1.1618857e-07	0.9626376
1.1618857e-07	0.9626376
1.1518044e-07	1.1081146
9.9982841e-07	1.7503594
1.1618857e-07	0.96388675
1.1618857e-07	0.96263523
1.1618857e-07	0.96508401
1.1618857e-07	1.0351631
1.1618857e-07	1.5864267
1.1618857e-07	0.99129747
1.1618857e-07	0.97061445
1.1618857e-07	0.9626376
1.1618857e-07	0.9626376
1.1618857e-07	0.9626376
1.1618857e-07	0.9626376
1.1618857e-07	0.9626376
1.1618857e-07	0.98544903
1.1618857e-07	2.6600806
1.1618857e-07	5.8382325
1.1618857e-07	6.7918684
1.1618857e-07	2.4210549
9.8898364e-07	1.7090852
1.1720123e-07	3.1254526
1.1720123e-07	1.1535834
1.1720123e-07	0.96260929
1.1720123e-07	0.9626376
1.1720123e-07	0.9626376
1.1720123e-07	0.9626376
1.1720123e-07	0.96538124
1.1720123e-07	0.96196552
1.1720123e-07	0.9626376
1.1720123e-07	0.9626376
1.1720123e-07	0.9626376
1.1720123e-07	0.9626376
1.1720123e-07	0.9626376
1.1720123e-07	0.9626376
1.1720123e-07	0.9626376
1.1720123e-07	0.9626376
1.1720123e-07	0.9626376
1.1618857e-07	0.96263705
1.1618857e-07	1.7740119
1.1618857e-07	0.96168775
1.1618857e-07	0.9626376
1.1618857e-07	1.3591189
1.1618857e-07	0.96161965
1.1618857e-07	0.9626376
1.1618857e-07	1.1916228
1.1618857e-07	2.1956489
1.1618857e-07	0.95798161
1.1618857e-07	0.9626376
1.1618857e-07	0.9626376
1.1618857e-07	0.962753
1.1618857e-07	0.96221054
1.1618857e-07	0.9626376
5.2784308e-07	0.69414909
1.1618857e-07	0.96134732
1.1618857e-07	0.9626376
1.1618857e-07	0.9626376
1.1618857e-07	0.9626376
1.1618857e-07	4.3485743
1.1928392e-06	1.5707401
1.1720123e-07	0.96255582
1.1720123e-07	0.9626376
1.1720123e-07	0.9626376
1.1720123e-07	0.9626376
1.1720123e-07	0.9626376
1.1720123e-07	0.96263601
1.1720123e-07	0.96263601
1.1720123e-07	0.9626376
1.1720123e-07	0.9626376
1.1618857e-07	0.9626376
1.1618857e-07	0.9626376
1.1618857e-07	0.9626376
1.1618857e-07	0.96262801
1.1618857e-07	2.9900989
1.1618857e-07	2.1475825
1.1618857e-07	0.96263501
1.1618857e-07	1.470208
1.1618857e-07	2.1150893
1.2437531e-06	0.64944872
1.1720123e-07	0.96244215
1.1720123e-07	0.9626376
1.1720123e-07	0.98601914
1.1720123e-07	0.96255009
1.1720123e-07	2.1882339
1.1720123e-07	2.6477338
1.1720123e-07	1.7552462
1.1618857e-07	0.96249499
1.1618857e-07	0.96260462
1.1618857e-07	1.1737685
1.1618857e-07	2.2273106
1.1618857e-07	0.96043232
1.1618857e-07	0.9626376
1.1618857e-07	0.9626376
1.1518044e-07	0.9626376
1.1518044e-07	0.96262136
1.1518044e-07	2.9144198
1.1518044e-07	2.8110144
1.1518044e-07	2.5499933
1.1518044e-07	0.95860119
1.1518044e-07	0.96246404
1.1518044e-07	1.2571137
1.1518044e-07	9.5248398
1.1518044e-07	4.461568
1.0631718e-06	1.8805059
1.1618857e-07	3.2842363
1.1618857e-07	5.7799373
1.1618857e-07	5.1191086
1.1618857e-07	4.9310863
1.1618857e-07	4.6135373
1.0839927e-06	6.5086417
1.1720123e-07	8.8920758
1.1720123e-07	5.501584
1.1114213e-06	9.6018939
1.1366057e-06	4.9367203
1.1924735e-07	3.7544644
1.1924735e-07	4.9267402
1.0962888e-06	7.7157676
1.2028302e-07	10.79168
1.2028302e-07	13.353143
1.2028302e-07	14.661072
1.159846e-06	10.068087
1.2132474e-07	11.306944
1.2132474e-07	13.152407
1.2132474e-07	15.433764
1.2132474e-07	13.963473
1.2132474e-07	11.389379
1.2132474e-07	8.8473468
1.2132474e-07	8.8592407
1.2132474e-07	6.6599412
1.2132474e-07	8.766784
1.2852559e-06	4.3300754
1.223675e-07	6.4939066
1.223675e-07	8.6210739
1.223675e-07	6.2787552
1.223675e-07	7.5267777
1.223675e-07	11.269053
1.223675e-07	13.287688
1.223675e-07	11.936932
1.2132474e-07	14.298497
1.2132474e-07	10.841988
1.2132474e-07	10.46864
1.2132474e-07	10.020649
1.2132474e-07	8.3322254
1.2028302e-07	10.399232
1.2028302e-07	12.714444
1.2028302e-07	12.181798
1.2028302e-07	12.028151
1.2028302e-07	12.251888
1.2028302e-07	12.590786
1.2028302e-07	8.9138705
1.2028302e-07	9.569751
1.2028302e-07	11.446124
1.2028302e-07	8.9908593
1.2028302e-07	10.244976
1.2028302e-07	11.214777
1.2028302e-07	12.632633
1.2028302e-07	15.822159
1.2028302e-07	18.119505
1.2028302e-07	9.7777754
1.2028302e-07	10.878865
1.2028302e-07	13.931572
1.2028302e-07	17.009743
1.1924735e-07	16.156626
1.1924735e-07	14.4776
1.1924735e-07	16.769485
