"",32.500
149.8333,0.0000E+000
150.8333,8.9458E+000
151.8333,-5.3277E+000
152.8333,-2.4064E+001
153.8333,-4.1034E+001
154.8333,-2.4888E+001
155.8333,-8.4668E+000
156.8333,-2.6681E+001
157.8333,-2.1865E+001
158.8333,-1.2023E+001
159.8333,-3.8902E+001
160.8333,-3.1249E+001
161.8333,6.3291E+000
162.8333,7.9571E+000
163.8333,2.9668E+000
164.8333,-5.1631E+000
165.8333,-1.3306E-001
166.8333,-1.9484E+000
167.8333,1.3241E+001
168.8333,1.6843E+001
169.8333,-3.2540E+000
170.8333,-1.8959E+001
171.8333,-8.6164E+000
172.8333,-2.5626E+000
173.8333,-1.1361E+001
174.8333,-1.6606E+001
175.8333,-2.7199E+001
176.8333,-7.0656E+000
177.8333,-7.1664E+000
178.8333,-2.0490E+000
179.8333,-1.6137E+001
180.8333,-2.4350E+001
181.8333,-9.1214E+000
182.8333,-8.6635E+000
183.8333,-7.8308E+000
184.8333,-1.6510E+001
185.8333,-2.9152E+001
186.8333,-2.7894E+001
187.8333,-1.5001E+001
188.8333,-1.7796E+001
189.8333,-2.0989E+001
190.8333,-2.0517E+001
191.8333,-1.9278E+001
192.8333,-2.7855E+001
193.8333,-1.4983E+001
194.8333,-1.1181E+001
195.8333,-1.3447E+001
196.8333,-1.1226E+001
197.8333,-1.7239E+001
198.8333,-3.1080E+001
199.8333,-4.3832E+001
200.8333,-2.4707E+001
201.8333,-3.3190E+001
202.8333,-3.3975E+001
203.8333,-3.7585E+001
204.8333,-2.8736E+001
205.8333,-1.6974E+001
206.8333,-1.4898E+001
207.8333,-2.0376E+001
208.8333,-2.4626E+001
209.8333,-3.0737E+001
210.8333,-2.9905E+001
211.8333,-1.0482E+001
212.8333,-1.4095E+000
213.8333,-1.1193E+001
214.8333,-2.5778E+001
215.8333,-3.7447E+001
216.8333,-3.5939E+001
217.8333,-3.1588E+001
218.8333,-4.3505E+001
219.8333,-3.8674E+001
220.8333,-3.7020E+001
221.8333,-5.8805E+001
222.8333,-6.8014E+001
223.8333,-5.6293E+001
224.8333,-3.3689E+001
225.8333,-1.5822E+001
226.8333,-2.2310E+001
227.8333,-1.6713E+001
228.8333,-1.5939E+001
229.8333,-1.2393E+001
230.8333,-2.9110E+001
231.8333,-4.1632E+001
232.8333,-2.6954E+001
233.8333,-2.8998E+001
234.8333,-3.3615E+001
235.8333,-3.0793E+001
236.8333,-3.1590E+001
237.8333,-6.0318E+001
238.8333,-2.9417E+001
239.8333,-2.5026E+001
240.8333,-2.1109E+001
241.8333,-4.8098E+001
242.8333,-3.6157E+001
243.8333,-5.5668E+001
244.8333,-6.0277E+001
245.8333,-2.6378E+001
246.8333,-1.3510E+001
247.8333,-1.3963E+001
248.8333,-1.4386E+001
249.8333,-1.2994E+001
250.8333,-1.1790E+001
251.8333,-4.0192E+001
252.8333,-4.3912E+001
253.8333,-3.6728E+001
254.8333,-3.6801E+001
255.8333,-2.2942E+001
256.8333,-1.0234E+001
257.8333,-7.2196E+000
258.8333,-6.5645E+000
259.8333,-6.4078E+000
260.8333,-9.8957E+000
261.8333,-3.3934E+001
262.8333,-6.6949E+001
263.8333,-4.2375E+001
264.8333,-2.0121E+001
265.8333,-1.3776E+001
266.8333,-3.3081E+001
267.8333,-4.1078E+001
268.8333,-3.9200E+001
269.8333,-3.9864E+001
270.8333,-6.0744E+001
271.8333,-5.6531E+001
272.8333,-5.8059E+001
273.8333,-4.8766E+001
274.8333,-2.1699E+001
275.8333,-4.3696E+000
276.8333,-4.7091E+001
277.8333,-5.1357E+001
278.8333,-2.9969E+001
279.8333,-2.6198E+001
280.8333,-8.5000E+000
281.8333,-1.1720E+001
282.8333,-4.5162E+001
283.8333,-1.7352E+001
284.8333,-6.1467E+001
285.8333,-7.2373E+001
286.8333,-6.8563E+001
287.8333,-4.2383E+001
288.8333,-6.6706E+001
289.8333,-3.0754E+001
290.8333,-1.6122E+001
291.8333,-1.8040E+001
292.8333,-9.9818E+001
293.8333,-6.1131E+001
294.8333,-4.5793E+001
295.8333,-5.9239E+001
296.8333,-8.9340E+001
297.8333,-9.2021E+001
298.8333,-6.2596E+001
299.8333,-7.0076E+001
300.8333,-9.9660E+001
301.8333,-8.5110E+001
302.8333,-2.2225E+001
303.8333,-5.6856E+000
304.8333,-2.6485E+001
305.8333,-5.2289E+001
306.8333,-5.2818E+001
307.8333,-4.8149E+001
308.8333,-3.1970E+001
309.8333,-2.7298E+001
310.8333,-6.8588E+000
311.8333,9.7246E+000
312.8333,-1.0958E+001
313.8333,-1.5253E+001
314.8333,-2.3992E+000
315.8333,-7.0801E-001
316.8333,-6.2943E+000
317.8333,-8.4766E-001
318.8333,1.8687E+001
319.8333,2.7184E+001
320.8333,-3.0310E+001
321.8333,-3.8952E+001
322.8333,-6.0897E+001
323.8333,-5.5969E+001
324.8333,-4.6241E+001
325.8333,-4.5393E+001
326.8333,-5.6199E+001
327.8333,-4.3899E+001
328.8333,-2.8921E+001
329.8333,-8.4691E+000
330.8333,-1.9463E+001
331.8333,-2.0350E+001
332.8333,9.1608E+000
333.8333,2.6495E+001
334.8333,-4.5351E+001
335.8333,-6.2565E+001
336.8333,-7.2990E+001
337.8333,-5.6098E+001
338.8333,-7.7503E+001
339.8333,-4.0085E+001
340.8333,-1.3893E+002
341.8333,-8.0404E+001
342.8333,-3.8301E+001
343.8333,-2.7973E+001
344.8333,-3.3888E+001
345.8333,-3.0549E+001
346.8333,-1.3210E+001
347.8333,-4.0972E+000
348.8333,-1.4222E+001
349.8333,-1.3581E+001
350.8333,-1.0511E+001
351.8333,-3.9755E+001
352.8333,-3.9043E+001
353.8333,-3.3831E+001
354.8333,-3.0664E+001
355.8333,-1.6391E+001
356.8333,-1.9848E+001
357.8333,-1.5125E+001
358.8333,-1.3717E+001
359.8333,-3.4585E+001
360.8333,-2.9560E+001
361.8333,-4.8723E+001
362.8333,-4.2357E+001
363.8333,-4.2306E+001
364.8333,-2.6064E+001
365.8333,-3.0016E+001
366.8333,-1.8640E+001
367.8333,-5.9241E+000
368.8333,1.0367E+001
369.8333,5.8434E+001
370.8333,8.2344E+000
371.8333,4.7278E+000
372.8333,-1.7150E+001
373.8333,-5.0063E+001
374.8333,-6.2887E+001
375.8333,-2.2034E+001
376.8333,-7.9497E+000
377.8333,-1.2243E+001
378.8333,-2.3169E+001
379.8333,-7.1302E+001
380.8333,-1.3673E+002
381.8333,-6.5539E+001
382.8333,-2.6846E+001
383.8333,-1.0909E+002
384.8333,-1.3842E+002
385.8333,-4.9331E+001
386.8333,-3.3324E+001
387.8333,-2.9053E+001
388.8333,-8.6116E+001
389.8333,-1.7479E+002
390.8333,-8.3139E+001
391.8333,-4.0264E+001
392.8333,-7.2966E+001
393.8333,-6.3037E+001
394.8333,-4.5567E+001
395.8333,-3.6564E+001
396.8333,-1.9786E+001
397.8333,-4.4003E+001
398.8333,-9.5221E+001
399.8333,-1.5201E+002
400.8333,-1.2170E+002
401.8333,-9.1239E+001
402.8333,-8.6797E+001
403.8333,-1.1409E+002
404.8333,-6.8758E+001
405.8333,-4.5912E+001
406.8333,-6.5301E+001
407.8333,-1.1717E+002
408.8333,-9.9776E+001
409.8333,-1.5842E+002
410.8333,-1.4411E+002
411.8333,-7.3317E+001
412.8333,-5.8441E+001
413.8333,-1.4183E+002
414.8333,-3.9679E+001
415.8333,-1.8669E+001
416.8333,-1.6904E+001
417.8333,-7.6212E+001
418.8333,-1.2957E+002
419.8333,-5.7600E+001
420.8333,-2.2200E+001
421.8333,-1.1816E+001
422.8333,-1.3285E+001
423.8333,-2.1580E+001
424.8333,-1.9249E+001
425.8333,-6.3961E+000
426.8333,-1.4604E+001
427.8333,-4.4950E+001
428.8333,-2.1692E+002
429.8333,-1.3942E+002
430.8333,-1.3799E+002
431.8333,-8.6242E+001
432.8333,-2.8792E+001
433.8333,3.5807E-002
434.8333,-1.3644E+000
435.8333,3.8439E+000
436.8333,3.5649E+001
437.8333,3.4397E+001
438.8333,-2.7445E+001
439.8333,-6.0178E+001
440.8333,-7.9242E+001
441.8333,-4.8020E+001
442.8333,-4.7584E+001
443.8333,-4.9053E+001
444.8333,1.9586E-001
445.8333,2.0725E+001
446.8333,5.0738E+000
447.8333,2.3262E+000
448.8333,2.4322E+000
449.8333,2.0080E+001
450.8333,8.4941E+000
451.8333,-3.5972E+001
452.8333,-1.0999E+001
453.8333,-8.8157E+000
454.8333,4.0307E+000
455.8333,-2.1539E+000
456.8333,-3.4263E+000
457.8333,-2.4330E+001
458.8333,-3.4943E+001
459.8333,-4.6847E+001
460.8333,-3.2503E+001
461.8333,-4.8631E+001
462.8333,-4.0158E+001
463.8333,-2.8701E+001
464.8333,-1.8426E+001
465.8333,-2.4629E+001
466.8333,-1.9554E+001
467.8333,-6.6632E+000
468.8333,-1.3450E+001
469.8333,-1.4960E+001
470.8333,-1.6138E+001
471.8333,-7.1893E+000
472.8333,1.0554E+001
473.8333,1.2281E+001
474.8333,2.4753E+001
475.8333,2.0629E+001
476.8333,5.6463E+001
477.8333,4.5158E+001
478.8333,2.4179E+000
479.8333,4.0220E+000
480.8333,1.8340E+000
481.8333,8.2267E+000
482.8333,5.2541E+000
483.8333,1.1205E+001
484.8333,9.3216E-001
485.8333,-1.5989E+000
486.8333,-1.3173E+001
487.8333,-1.5867E+001
488.8333,-8.5728E+000
489.8333,-1.2456E+001
490.8333,-1.0027E-001
491.8333,1.6616E+001
492.8333,2.5141E+001
493.8333,2.4184E+001
494.8333,2.0708E+001
495.8333,-5.9610E+000
496.8333,-3.7387E+001
497.8333,-1.9903E+001
498.8333,-2.7782E+000
499.8333,3.5835E+000
500.8333,-1.5778E+001
501.8333,-3.3049E+001
502.8333,-2.7923E+001
503.8333,-1.7212E+001
504.8333,-2.0132E+001
505.8333,-9.4957E+000
506.8333,-4.2378E+000
507.8333,1.0385E+001
508.8333,2.1274E+001
509.8333,8.6723E+000
510.8333,-8.6985E+000
511.8333,-6.3690E-001
512.8333,-1.5876E+001
513.8333,-5.1575E+000
514.8333,-6.6626E+000
515.8333,1.4238E+000
516.8333,3.1224E+000
517.8333,-5.4168E+000
518.8333,-3.4970E+001
519.8333,-7.9502E+000
520.8333,-3.9465E+001
521.8333,-3.5385E+001
522.8333,-8.8271E+000
523.8333,-5.6190E+000
524.8333,-1.2564E+001
525.8333,-1.1537E+001
526.8333,-1.0476E+001
527.8333,-3.2747E+001
528.8333,-3.3709E+001
529.8333,-2.2659E+001
530.8333,-1.5029E+001
531.8333,-1.9307E+001
532.8333,-2.4437E+001
533.8333,-1.9703E+001
534.8333,-2.1728E+001
535.8333,-3.6520E+001
536.8333,-6.5108E+001
537.8333,-5.8725E+001
538.8333,-3.1391E+001
539.8333,-1.9191E+000
540.8333,7.6793E+000
541.8333,9.3105E+000
542.8333,-2.8003E+000
543.8333,-3.8137E+001
544.8333,-4.4282E+001
545.8333,-5.7948E+001
546.8333,-5.7337E+001
547.8333,-2.7235E+001
548.8333,-2.3377E+001
549.8333,-1.1813E+001
550.8333,-1.1761E+001
551.8333,-1.8968E+001
552.8333,-1.0595E+001
553.8333,-1.4141E+001
554.8333,-1.0308E+000
555.8333,-5.7871E+000
556.8333,-2.2478E+001
557.8333,-3.3800E+001
558.8333,-2.9244E+001
559.8333,-2.2214E+001
560.8333,-1.9659E+001
561.8333,-1.6818E+001
562.8333,-2.0898E+001
563.8333,-2.2417E+001
564.8333,-3.2367E+001
565.8333,-4.2571E+001
566.8333,-2.8403E+001
567.8333,-2.9854E+001
568.8333,-1.5545E+001
569.8333,-1.1681E+001
570.8333,-1.1251E+001
571.8333,-1.0673E+001
572.8333,-1.9505E+001
573.8333,-1.8683E+001
574.8333,-1.5557E+001
575.8333,-2.0912E+001
576.8333,-1.6117E+001
577.8333,-1.2982E+001
578.8333,-1.4571E+001
579.8333,-3.1288E+001
580.8333,-4.6410E+001
581.8333,-4.0719E+001
582.8333,-1.9088E+001
583.8333,-2.9283E+001
584.8333,-3.2535E+001
585.8333,-4.3694E+001
586.8333,-3.6588E+001
587.8333,-1.8775E+001
588.8333,-2.4510E+001
589.8333,-4.4196E+001
590.8333,-3.3753E+001
591.8333,-2.0886E+001
592.8333,-2.2563E+001
593.8333,-7.6571E+001
594.8333,-5.6059E+001
595.8333,-2.8019E+001
596.8333,-3.0017E+001
597.8333,-3.5422E+001
598.8333,-3.4650E+001
599.8333,-7.7122E+000
600.8333,1.1373E+001
601.8333,-3.7238E+000
602.8333,-1.7534E+001
603.8333,-1.5816E+001
604.8333,-1.4341E+001
605.8333,-8.7787E+000
606.8333,-2.1641E+001
607.8333,-5.5452E+001
608.8333,-4.8769E+001
609.8333,-2.8586E+001
610.8333,-4.5058E+001
611.8333,-4.6051E+001
612.8333,-2.8949E+001
613.8333,-3.2690E+000
614.8333,4.7154E+000
615.8333,-1.2565E+001
616.8333,-1.6926E+001
617.8333,-2.8718E+001
618.8333,-5.4557E+001
619.8333,-3.9097E+001
620.8333,-4.4215E+001
621.8333,-5.6527E+001
622.8333,-5.5949E+001
623.8333,-3.8988E+001
624.8333,-3.4411E+001
625.8333,-3.4627E+001
626.8333,-1.9463E+001
627.8333,-8.0617E+000
628.8333,-7.1673E+000
629.8333,-2.8213E+001
630.8333,-2.5839E+001
631.8333,-8.2424E+000
632.8333,8.5851E+000
633.8333,7.6603E+000
634.8333,-1.3790E+001
635.8333,-4.9733E+001
636.8333,-3.9607E+001
637.8333,-4.4870E+001
638.8333,-3.4256E+001
639.8333,-2.2142E+001
640.8333,-8.6119E+000
641.8333,-4.2995E+000
642.8333,-2.0057E+000
643.8333,-2.3162E+001
644.8333,-2.7386E+001
645.8333,-3.4936E+001
646.8333,-4.9657E+001
647.8333,-4.9004E+001
648.8333,-6.3197E+001
649.8333,-7.6394E+001
650.8333,-8.0993E+001
651.8333,-7.2931E+001
652.8333,-6.7380E+001
653.8333,-3.7338E+001
654.8333,-1.1213E+001
655.8333,-5.8521E+000
656.8333,-8.2981E+000
657.8333,-1.9022E+001
658.8333,-6.0240E+000
659.8333,5.7744E-001
660.8333,-2.4022E+001
661.8333,-3.0509E+001
662.8333,-5.0893E+001
663.8333,-3.3211E+001
664.8333,-7.7605E+001
665.8333,-9.4460E+001
666.8333,-5.0616E+001
667.8333,-3.9494E+001
668.8333,-3.7994E+001
669.8333,-5.9230E+001
670.8333,-7.7025E+001
671.8333,-7.4678E+001
672.8333,-4.6660E+001
673.8333,-5.3449E+001
674.8333,-7.0078E+001
675.8333,-5.6688E+001
676.8333,-4.6768E+001
677.8333,-6.4872E+001
678.8333,-8.7777E+001
679.8333,-5.6530E+001
680.8333,-4.4000E+001
681.8333,-3.4677E+001
682.8333,-6.5844E+000
683.8333,-8.0765E+001
684.8333,-8.7936E+001
685.8333,-5.0767E+001
686.8333,-5.7202E+001
687.8333,-6.8218E+001
688.8333,-4.3440E+001
689.8333,-2.0734E+001
690.8333,-9.2418E+001
691.8333,-9.3261E+001
692.8333,-6.1747E+001
693.8333,-3.4427E+001
694.8333,-2.3102E+001
695.8333,-5.1726E+001
696.8333,-5.3784E+001
697.8333,-6.6005E+001
698.8333,-1.4648E+002
699.8333,-1.0294E+002
700.8333,-7.7337E+001
701.8333,-1.1001E+002
702.8333,-6.7907E+001
703.8333,-8.5717E+001
704.8333,-6.6004E+001
705.8333,-5.0019E+001
706.8333,-5.0197E+001
707.8333,-3.7940E+001
708.8333,-4.0113E+001
709.8333,-4.1241E+001
710.8333,-6.4477E+001
711.8333,-5.1764E+001
712.8333,-9.7566E+001
713.8333,-1.0091E+002
714.8333,-1.4736E+002
715.8333,-8.4742E+001
716.8333,-4.1548E+001
717.8333,-1.6366E+001
718.8333,-2.2167E+001
719.8333,-3.2107E+001
720.8333,-8.4587E+000
721.8333,-1.1930E+001
722.8333,-1.7049E+001
723.8333,-1.3239E+001
724.8333,-9.4659E+000
725.8333,-7.5520E+000
726.8333,-3.9719E+000
727.8333,-8.3694E+000
728.8333,-1.2153E+001
729.8333,-2.0106E+001
730.8333,-7.4262E+001
731.8333,-1.5561E+002
732.8333,-8.2247E+001
733.8333,-3.0110E+001
734.8333,-4.9274E+000
735.8333,5.3873E+000
736.8333,2.1167E+001
737.8333,4.1064E+001
738.8333,4.3026E+000
739.8333,5.5600E+000
740.8333,2.8943E+000
741.8333,-2.9047E+000
742.8333,-1.3281E+001
743.8333,-2.8258E+001
744.8333,-4.7973E+001
745.8333,-3.8517E+001
746.8333,-1.6920E+001
747.8333,-2.4980E+001
748.8333,-5.7489E+001
749.8333,-7.4280E+001
750.8333,-5.1870E+001
751.8333,-3.2978E+001
752.8333,-3.3500E+001
753.8333,-6.6345E+001
754.8333,-3.5119E+001
755.8333,-2.8147E+001
756.8333,-3.9560E+001
757.8333,-1.7524E+001
758.8333,-1.0889E+001
759.8333,-3.4473E+001
760.8333,-3.9263E+001
761.8333,-1.0316E+001
762.8333,-1.1910E+001
763.8333,-9.4741E+000
764.8333,-1.7817E+000
765.8333,-4.2021E-001
766.8333,-1.2922E+001
767.8333,-1.3590E+001
768.8333,-1.8764E+001
769.8333,-2.3709E+001
770.8333,-1.2613E+002
771.8333,-8.0301E+001
772.8333,-3.3277E+001
773.8333,-4.2167E+001
774.8333,-3.1859E+001
775.8333,-6.9655E+001
776.8333,-5.3762E+001
777.8333,1.2166E+001
778.8333,-3.6618E+000
779.8333,-4.2172E+001
780.8333,-6.1518E+001
781.8333,-4.3619E+001
782.8333,-3.1796E+001
783.8333,-3.3778E+001
784.8333,-1.8807E+001
785.8333,-1.0159E+001
786.8333,-2.6775E+001
787.8333,-8.5865E+001
788.8333,-8.3703E+001
789.8333,-3.9940E+001
790.8333,-4.6845E+001
791.8333,-2.6026E+001
792.8333,2.4631E+000
793.8333,7.7509E-001
794.8333,-8.3538E+000
795.8333,-3.3978E+000
796.8333,2.3879E+000
797.8333,-4.0002E+001
798.8333,-4.6065E+001
799.8333,-2.7969E+001
800.8333,-1.2629E+001
801.8333,-1.7229E+001
802.8333,-2.1010E+000
803.8333,-5.5428E-001
804.8333,-6.4271E+000
805.8333,-3.4456E+001
806.8333,-1.6137E+001
807.8333,-1.3484E+001
808.8333,-9.6696E+000
809.8333,-7.6811E+001
810.8333,-7.0240E+001
811.8333,-4.8232E+001
812.8333,-2.3513E+001
813.8333,-1.9051E+001
814.8333,-2.7309E+000
815.8333,-1.7116E-001
816.8333,-5.3011E+000
817.8333,-5.1086E+001
818.8333,-2.9449E+001
819.8333,-1.2942E+001
820.8333,4.9048E+001
821.8333,-2.1866E+000
822.8333,-9.9758E+000
823.8333,-3.7249E+000
824.8333,6.2604E+000
825.8333,4.2279E+000
826.8333,4.7905E-001
827.8333,-2.1171E-001
828.8333,1.0975E+001
829.8333,2.1281E+001
830.8333,2.4460E+000
831.8333,2.5274E+001
832.8333,-6.3835E+000
833.8333,-1.7323E+001
834.8333,-6.1204E+000
835.8333,5.6951E+000
836.8333,1.4457E+001
837.8333,2.0173E+001
838.8333,2.9204E+001
839.8333,1.9090E+001
840.8333,1.3112E+001
841.8333,1.7255E+001
842.8333,2.5610E+001
843.8333,2.3388E+001
844.8333,7.3600E+000
845.8333,-8.6640E+000
846.8333,-7.4269E+000
847.8333,-2.4123E+001
848.8333,-1.4852E+001
849.8333,-3.0412E+001
850.8333,-1.3608E+001
851.8333,-1.0097E+001
852.8333,-3.0884E+001
853.8333,-1.3429E+001
854.8333,2.5055E+000
855.8333,6.8402E+000
856.8333,2.6706E+000
857.8333,1.0944E+001
858.8333,-6.1204E+000
859.8333,-1.1605E+001
860.8333,-1.6552E+001
861.8333,-3.2057E+001
862.8333,-1.5409E+001
863.8333,-3.8447E+000
864.8333,-6.4652E+000
865.8333,-8.2529E+000
866.8333,-1.0940E+001
867.8333,-1.4997E+001
868.8333,-4.8952E+001
869.8333,-2.1814E+001
870.8333,-1.6374E+001
871.8333,-3.0657E+001
872.8333,-3.0877E+001
873.8333,-1.7088E+001
874.8333,-5.2810E+000
875.8333,1.2152E+001
876.8333,2.0485E+001
877.8333,-3.4332E+001
878.8333,-2.4519E+001
879.8333,-3.6769E+000
880.8333,8.8467E+000
881.8333,9.3289E-001
882.8333,-7.3666E+000
883.8333,1.1046E+000
