"",32.500
149.8333,0.0000E+000
150.8333,-5.5269E+000
151.8333,-2.2585E+001
152.8333,-5.6161E+001
153.8333,-8.1693E+001
154.8333,-6.0357E+001
155.8333,-3.3463E+001
156.8333,-6.0263E+001
157.8333,-4.5370E+001
158.8333,-2.6185E+001
159.8333,-7.6768E+001
160.8333,-6.8092E+001
161.8333,-1.3868E+001
162.8333,-1.2576E+001
163.8333,-1.3130E+001
164.8333,-5.9845E+001
165.8333,-4.9428E+001
166.8333,-3.4374E+001
167.8333,4.3593E-001
168.8333,-5.3934E+000
169.8333,-5.1412E+001
170.8333,-8.1827E+001
171.8333,-5.9739E+001
172.8333,-3.5867E+001
173.8333,-5.0630E+001
174.8333,-6.3655E+001
175.8333,-8.6279E+001
176.8333,-6.6852E+001
177.8333,-3.8859E+001
178.8333,-2.6793E+001
179.8333,-8.0038E+001
180.8333,-1.0403E+002
181.8333,-8.3886E+001
182.8333,-6.8094E+001
183.8333,-6.4323E+001
184.8333,-9.3781E+001
185.8333,-1.1593E+002
186.8333,-1.0912E+002
187.8333,-7.7732E+001
188.8333,-9.1312E+001
189.8333,-1.0247E+002
190.8333,-9.4531E+001
191.8333,-8.1853E+001
192.8333,-1.0330E+002
193.8333,-8.2157E+001
194.8333,-7.3855E+001
195.8333,-8.8414E+001
196.8333,-8.8783E+001
197.8333,-1.1569E+002
198.8333,-1.3312E+002
199.8333,-1.6640E+002
200.8333,-9.9920E+001
201.8333,-1.1229E+002
202.8333,-1.0188E+002
203.8333,-1.3053E+002
204.8333,-1.2764E+002
205.8333,-9.1713E+001
206.8333,-9.0937E+001
207.8333,-1.0429E+002
208.8333,-1.2204E+002
209.8333,-1.3538E+002
210.8333,-1.2158E+002
211.8333,-6.7434E+001
212.8333,-6.1446E+001
213.8333,-9.0587E+001
214.8333,-1.0194E+002
215.8333,-1.5257E+002
216.8333,-1.3408E+002
217.8333,-1.2200E+002
218.8333,-1.7077E+002
219.8333,-1.4732E+002
220.8333,-1.4191E+002
221.8333,-1.8008E+002
222.8333,-1.9551E+002
223.8333,-1.6672E+002
224.8333,-1.2524E+002
225.8333,-8.9506E+001
226.8333,-9.7366E+001
227.8333,-7.4508E+001
228.8333,-7.7154E+001
229.8333,-6.4776E+001
230.8333,-8.7609E+001
231.8333,-1.2448E+002
232.8333,-1.0293E+002
233.8333,-1.1100E+002
234.8333,-1.1084E+002
235.8333,-9.2063E+001
236.8333,-8.9012E+001
237.8333,-1.4729E+002
238.8333,-7.5854E+001
239.8333,-6.4365E+001
240.8333,-7.8218E+001
241.8333,-1.3394E+002
242.8333,-1.0703E+002
243.8333,-1.5112E+002
244.8333,-1.3742E+002
245.8333,-7.2444E+001
246.8333,-4.8577E+001
247.8333,-5.2638E+001
248.8333,-5.5215E+001
249.8333,-6.0264E+001
250.8333,-6.4620E+001
251.8333,-1.1099E+002
252.8333,-1.1205E+002
253.8333,-9.7424E+001
254.8333,-9.6866E+001
255.8333,-5.9453E+001
256.8333,-3.0844E+001
257.8333,-3.9372E+001
258.8333,-4.0939E+001
259.8333,-4.6800E+001
260.8333,-5.2330E+001
261.8333,-1.0757E+002
262.8333,-1.6141E+002
263.8333,-1.0887E+002
264.8333,-5.2361E+001
265.8333,-7.2737E+001
266.8333,-9.2698E+001
267.8333,-1.1743E+002
268.8333,-1.1185E+002
269.8333,-1.1692E+002
270.8333,-1.2998E+002
271.8333,-1.1696E+002
272.8333,-1.1381E+002
273.8333,-1.0442E+002
274.8333,-6.7133E+001
275.8333,-3.6358E+001
276.8333,-1.1697E+002
277.8333,-1.1027E+002
278.8333,-6.5043E+001
279.8333,-6.7228E+001
280.8333,-4.4476E+001
281.8333,-4.1101E+001
282.8333,-1.1517E+002
283.8333,-7.1167E+001
284.8333,-1.2538E+002
285.8333,-1.3807E+002
286.8333,-1.1980E+002
287.8333,-8.5287E+001
288.8333,-1.2363E+002
289.8333,-6.7882E+001
290.8333,-4.3190E+001
291.8333,-4.1314E+001
292.8333,-1.5688E+002
293.8333,-9.3891E+001
294.8333,-7.4270E+001
295.8333,-9.2754E+001
296.8333,-1.3725E+002
297.8333,-1.4161E+002
298.8333,-8.8929E+001
299.8333,-1.0994E+002
300.8333,-1.7699E+002
301.8333,-1.4788E+002
302.8333,-5.2868E+001
303.8333,-2.6385E+001
304.8333,-4.7830E+001
305.8333,-7.7732E+001
306.8333,-7.0893E+001
307.8333,-6.6734E+001
308.8333,-5.1057E+001
309.8333,-4.8216E+001
310.8333,-1.5533E+001
311.8333,5.5205E+000
312.8333,-3.5920E+001
313.8333,-3.5634E+001
314.8333,-8.9514E+000
315.8333,-8.2899E+000
316.8333,-1.3781E+001
317.8333,-9.1655E+000
318.8333,1.5433E+001
319.8333,1.2004E+000
320.8333,-5.4412E+001
321.8333,-5.8353E+001
322.8333,-8.2499E+001
323.8333,-6.8081E+001
324.8333,-5.8514E+001
325.8333,-5.8475E+001
326.8333,-7.9456E+001
327.8333,-5.5283E+001
328.8333,-4.1412E+001
329.8333,-2.0499E+001
330.8333,-2.9150E+001
331.8333,-2.8569E+001
332.8333,2.1146E+000
333.8333,2.6134E+001
334.8333,-8.2327E+001
335.8333,-8.5249E+001
336.8333,-8.3828E+001
337.8333,-5.8831E+001
338.8333,-9.4980E+001
339.8333,-4.9679E+001
340.8333,-1.3478E+002
341.8333,-8.4394E+001
342.8333,-5.9198E+001
343.8333,-3.7092E+001
344.8333,-3.4877E+001
345.8333,-3.1438E+001
346.8333,-1.9660E+001
347.8333,-1.1564E+001
348.8333,-2.6453E+001
349.8333,-2.4716E+001
350.8333,-2.4852E+001
351.8333,-5.2779E+001
352.8333,-4.4673E+001
353.8333,-4.9065E+001
354.8333,-3.8238E+001
355.8333,-2.0458E+001
356.8333,-2.9833E+001
357.8333,-2.4354E+001
358.8333,-1.8487E+001
359.8333,-4.3599E+001
360.8333,-3.7874E+001
361.8333,-5.6876E+001
362.8333,-4.6443E+001
363.8333,-3.7095E+001
364.8333,-2.3993E+001
365.8333,-3.5244E+001
366.8333,-3.0072E+001
367.8333,-2.0794E+001
368.8333,1.4560E+000
369.8333,4.3708E+001
370.8333,-1.5756E+001
371.8333,-1.5406E+001
372.8333,-4.1426E+001
373.8333,-6.9849E+001
374.8333,-5.5286E+001
375.8333,-3.1135E+001
376.8333,-1.5711E+001
377.8333,-1.3439E+001
378.8333,-2.0853E+001
379.8333,-5.5561E+001
380.8333,-7.7433E+001
381.8333,-4.7758E+001
382.8333,-2.3641E+001
383.8333,-7.8212E+001
384.8333,-7.7497E+001
385.8333,-2.9814E+001
386.8333,-2.2325E+001
387.8333,-2.2617E+001
388.8333,-5.0293E+001
389.8333,-8.1883E+001
390.8333,-4.0844E+001
391.8333,-2.5143E+001
392.8333,-4.6013E+001
393.8333,-4.1294E+001
394.8333,-3.1724E+001
395.8333,-2.8161E+001
396.8333,-1.6053E+001
397.8333,-3.7588E+001
398.8333,-6.3122E+001
399.8333,-8.3294E+001
400.8333,-7.0830E+001
401.8333,-5.7341E+001
402.8333,-5.7980E+001
403.8333,-7.0073E+001
404.8333,-4.3559E+001
405.8333,-3.6380E+001
406.8333,-5.0454E+001
407.8333,-6.5272E+001
408.8333,-5.8444E+001
409.8333,-8.7632E+001
410.8333,-7.9776E+001
411.8333,-4.6649E+001
412.8333,-4.0851E+001
413.8333,-7.2234E+001
414.8333,-2.9265E+001
415.8333,-1.9981E+001
416.8333,-1.6061E+001
417.8333,-5.5813E+001
418.8333,-7.8249E+001
419.8333,-3.8613E+001
420.8333,-1.7431E+001
421.8333,-1.0564E+001
422.8333,-1.5522E+001
423.8333,-1.8875E+001
424.8333,-1.9238E+001
425.8333,-1.0121E+001
426.8333,-1.8621E+001
427.8333,-4.2277E+001
428.8333,-1.0287E+002
429.8333,-6.5587E+001
430.8333,-7.0230E+001
431.8333,-4.5799E+001
432.8333,-2.2051E+001
433.8333,-7.6245E+000
434.8333,-1.1311E+001
435.8333,-9.1363E+000
436.8333,1.7582E+001
437.8333,1.2672E+001
438.8333,-3.9056E+001
439.8333,-4.6954E+001
440.8333,-5.7270E+001
441.8333,-4.2113E+001
442.8333,-4.4773E+001
443.8333,-3.7856E+001
444.8333,-1.0901E+001
445.8333,-3.2626E+000
446.8333,-7.5383E+000
447.8333,-6.0655E+000
448.8333,-6.9976E+000
449.8333,8.9028E+000
450.8333,-3.2261E+001
451.8333,-8.9008E+001
452.8333,-5.7523E+001
453.8333,-4.0413E+001
454.8333,-2.8078E+001
455.8333,-1.6494E+001
456.8333,-1.1185E+001
457.8333,-3.0508E+001
458.8333,-3.6434E+001
459.8333,-4.6502E+001
460.8333,-3.5696E+001
461.8333,-5.3255E+001
462.8333,-5.2820E+001
463.8333,-4.6254E+001
464.8333,-3.0343E+001
465.8333,-3.5103E+001
466.8333,-2.6267E+001
467.8333,-2.1733E+001
468.8333,-2.8140E+001
469.8333,-2.5968E+001
470.8333,-2.5795E+001
471.8333,-1.8501E+001
472.8333,-1.8924E+001
473.8333,-2.5753E+001
474.8333,-2.2766E+001
475.8333,-1.1347E+001
476.8333,-1.8382E+000
477.8333,-5.2297E+000
478.8333,-1.9305E+001
479.8333,-1.6484E+001
480.8333,-1.1853E+001
481.8333,3.8773E+000
482.8333,1.6609E+000
483.8333,-1.2737E+001
484.8333,-3.7583E+001
485.8333,-3.3515E+001
486.8333,-5.9916E+001
487.8333,-6.8111E+001
488.8333,-5.7309E+001
489.8333,-4.6770E+001
490.8333,-3.2876E+001
491.8333,-3.0976E+001
492.8333,-3.5930E+000
493.8333,1.1511E+001
494.8333,9.8736E+000
495.8333,-4.2554E+001
496.8333,-9.9735E+001
497.8333,-7.7126E+001
498.8333,-3.1932E+001
499.8333,-7.9547E+000
500.8333,-3.3141E+001
501.8333,-5.2097E+001
502.8333,-5.0956E+001
503.8333,-4.4985E+001
504.8333,-6.3194E+001
505.8333,-5.1192E+001
506.8333,-3.6731E+001
507.8333,-1.3669E+001
508.8333,-1.3307E+001
509.8333,-4.7057E+001
510.8333,-5.2480E+001
511.8333,-4.7487E+001
512.8333,-8.2824E+001
513.8333,-4.3592E+001
514.8333,-3.0073E+001
515.8333,-2.1538E+001
516.8333,-1.9741E+001
517.8333,-4.0307E+001
518.8333,-7.9194E+001
519.8333,-4.2924E+001
520.8333,-1.0742E+002
521.8333,-9.5261E+001
522.8333,-4.9419E+001
523.8333,-2.7012E+001
524.8333,-4.5345E+001
525.8333,-5.8683E+001
526.8333,-5.9323E+001
527.8333,-9.2021E+001
528.8333,-8.5697E+001
529.8333,-6.7539E+001
530.8333,-6.3145E+001
531.8333,-9.1879E+001
532.8333,-1.0472E+002
533.8333,-9.5213E+001
534.8333,-1.0053E+002
535.8333,-1.2639E+002
536.8333,-1.9449E+002
537.8333,-1.6505E+002
538.8333,-1.0457E+002
539.8333,-4.3661E+001
540.8333,-2.5571E+001
541.8333,-2.4090E+001
542.8333,-5.2583E+001
543.8333,-1.2348E+002
544.8333,-1.3945E+002
545.8333,-1.5775E+002
546.8333,-1.5758E+002
547.8333,-9.8272E+001
548.8333,-1.0219E+002
549.8333,-4.7901E+001
550.8333,-6.0855E+001
551.8333,-7.9827E+001
552.8333,-6.1438E+001
553.8333,-5.7289E+001
554.8333,-2.4345E+001
555.8333,-5.4716E+001
556.8333,-1.0649E+002
557.8333,-1.3435E+002
558.8333,-1.1518E+002
559.8333,-1.0246E+002
560.8333,-8.9501E+001
561.8333,-8.9082E+001
562.8333,-8.0460E+001
563.8333,-7.8062E+001
564.8333,-1.0931E+002
565.8333,-1.4432E+002
566.8333,-1.1534E+002
567.8333,-9.7792E+001
568.8333,-6.4672E+001
569.8333,-6.7654E+001
570.8333,-7.2092E+001
571.8333,-7.2273E+001
572.8333,-8.8769E+001
573.8333,-8.8950E+001
574.8333,-7.6620E+001
575.8333,-1.0874E+002
576.8333,-9.7065E+001
577.8333,-9.1980E+001
578.8333,-1.1028E+002
579.8333,-1.6666E+002
580.8333,-1.7859E+002
581.8333,-1.3797E+002
582.8333,-7.3059E+001
583.8333,-1.1205E+002
584.8333,-1.2947E+002
585.8333,-1.4009E+002
586.8333,-1.2814E+002
587.8333,-9.1273E+001
588.8333,-1.1797E+002
589.8333,-1.4859E+002
590.8333,-1.2822E+002
591.8333,-1.0029E+002
592.8333,-1.0953E+002
593.8333,-2.2000E+002
594.8333,-1.5688E+002
595.8333,-8.7229E+001
596.8333,-9.8867E+001
597.8333,-1.1214E+002
598.8333,-1.0504E+002
599.8333,-4.8240E+001
600.8333,-1.3267E+001
601.8333,-6.2396E+001
602.8333,-8.3272E+001
603.8333,-7.9628E+001
604.8333,-8.8567E+001
605.8333,-6.3425E+001
606.8333,-8.2671E+001
607.8333,-1.7090E+002
608.8333,-1.4582E+002
609.8333,-1.1472E+002
610.8333,-1.5351E+002
611.8333,-1.4397E+002
612.8333,-1.1002E+002
613.8333,-5.0246E+001
614.8333,-3.7984E+001
615.8333,-4.8081E+001
616.8333,-4.5841E+001
617.8333,-7.2609E+001
618.8333,-1.6821E+002
619.8333,-1.1274E+002
620.8333,-1.3907E+002
621.8333,-1.4148E+002
622.8333,-1.2639E+002
623.8333,-9.8605E+001
624.8333,-9.1880E+001
625.8333,-9.7291E+001
626.8333,-7.6802E+001
627.8333,-4.4951E+001
628.8333,-4.9492E+001
629.8333,-1.1795E+002
630.8333,-1.0770E+002
631.8333,-7.3273E+001
632.8333,-3.8014E+001
633.8333,-2.0946E+001
634.8333,-6.6037E+001
635.8333,-1.4330E+002
636.8333,-9.8434E+001
637.8333,-1.1494E+002
638.8333,-1.0246E+002
639.8333,-7.8296E+001
640.8333,-5.6155E+001
641.8333,-4.5164E+001
642.8333,-3.4245E+001
643.8333,-8.3186E+001
644.8333,-6.4490E+001
645.8333,-8.3464E+001
646.8333,-1.0447E+002
647.8333,-9.8712E+001
648.8333,-1.2492E+002
649.8333,-1.5219E+002
650.8333,-1.5600E+002
651.8333,-1.4426E+002
652.8333,-1.3463E+002
653.8333,-8.3861E+001
654.8333,-3.9261E+001
655.8333,-2.8784E+001
656.8333,-5.6844E+001
657.8333,-8.0557E+001
658.8333,-5.5722E+001
659.8333,-4.5208E+001
660.8333,-5.4833E+001
661.8333,-7.0262E+001
662.8333,-1.0182E+002
663.8333,-7.4499E+001
664.8333,-1.6119E+002
665.8333,-1.5300E+002
666.8333,-9.4566E+001
667.8333,-8.9169E+001
668.8333,-8.7387E+001
669.8333,-1.0004E+002
670.8333,-1.1300E+002
671.8333,-1.1821E+002
672.8333,-8.1912E+001
673.8333,-9.1457E+001
674.8333,-1.0704E+002
675.8333,-8.0528E+001
676.8333,-6.8230E+001
677.8333,-8.7675E+001
678.8333,-1.0978E+002
679.8333,-7.6793E+001
680.8333,-6.0809E+001
681.8333,-5.8670E+001
682.8333,-1.8859E+001
683.8333,-1.1269E+002
684.8333,-1.1201E+002
685.8333,-6.3458E+001
686.8333,-6.5206E+001
687.8333,-7.1297E+001
688.8333,-4.6205E+001
689.8333,-2.6939E+001
690.8333,-1.0170E+002
691.8333,-9.7663E+001
692.8333,-6.9864E+001
693.8333,-4.1078E+001
694.8333,-3.4504E+001
695.8333,-5.7510E+001
696.8333,-7.0509E+001
697.8333,-8.7952E+001
698.8333,-1.4629E+002
699.8333,-8.4185E+001
700.8333,-6.5269E+001
701.8333,-8.2728E+001
702.8333,-5.0881E+001
703.8333,-5.8112E+001
704.8333,-4.9569E+001
705.8333,-4.2397E+001
706.8333,-3.9608E+001
707.8333,-2.8755E+001
708.8333,-3.0112E+001
709.8333,-3.9424E+001
710.8333,-4.5153E+001
711.8333,-4.0822E+001
712.8333,-6.0460E+001
713.8333,-6.6253E+001
714.8333,-8.9295E+001
715.8333,-5.0731E+001
716.8333,-2.8660E+001
717.8333,-1.2670E+001
718.8333,-1.6327E+001
719.8333,-2.2802E+001
720.8333,-8.7667E+000
721.8333,-2.3648E+001
722.8333,-2.1899E+001
723.8333,-1.3354E+001
724.8333,-1.0206E+001
725.8333,-9.7081E+000
726.8333,-7.7834E+000
727.8333,-1.2349E+001
728.8333,-1.3417E+001
729.8333,-1.6570E+001
730.8333,-5.0257E+001
731.8333,-7.0189E+001
732.8333,-4.2526E+001
733.8333,-2.1834E+001
734.8333,-6.7607E+000
735.8333,1.3422E+000
736.8333,1.0539E+001
737.8333,8.8492E+000
738.8333,-1.6724E+001
739.8333,-5.8909E+000
740.8333,-8.4553E+000
741.8333,-1.1500E+001
742.8333,-1.3609E+001
743.8333,-2.2687E+001
744.8333,-3.3503E+001
745.8333,-2.6630E+001
746.8333,-1.8439E+001
747.8333,-2.4231E+001
748.8333,-4.4258E+001
749.8333,-4.9311E+001
750.8333,-3.7900E+001
751.8333,-2.9942E+001
752.8333,-2.6203E+001
753.8333,-4.4445E+001
754.8333,-2.6361E+001
755.8333,-2.1176E+001
756.8333,-3.0917E+001
757.8333,-1.7016E+001
758.8333,-2.0593E+001
759.8333,-3.1253E+001
760.8333,-3.3709E+001
761.8333,-1.5519E+001
762.8333,-1.2433E+001
763.8333,-8.9580E+000
764.8333,-4.0918E+000
765.8333,-2.0601E+000
766.8333,-1.1260E+001
767.8333,-1.1423E+001
768.8333,-1.4802E+001
769.8333,-2.5005E+001
770.8333,-7.5617E+001
771.8333,-4.7323E+001
772.8333,-2.4161E+001
773.8333,-3.3481E+001
774.8333,-2.8872E+001
775.8333,-4.2844E+001
776.8333,-3.8455E+001
777.8333,4.7312E+000
778.8333,-2.8823E+001
779.8333,-5.0149E+001
780.8333,-4.6468E+001
781.8333,-2.9593E+001
782.8333,-2.3551E+001
783.8333,-2.5552E+001
784.8333,-1.7095E+001
785.8333,-1.1651E+001
786.8333,-2.4475E+001
787.8333,-5.2674E+001
788.8333,-4.4843E+001
789.8333,-2.8282E+001
790.8333,-3.9652E+001
791.8333,-2.5763E+001
792.8333,-3.6249E+000
793.8333,-1.0070E+001
794.8333,-1.4685E+001
795.8333,-9.3214E+000
796.8333,-1.7772E+000
797.8333,-4.8665E+001
798.8333,-4.6828E+001
799.8333,-2.7048E+001
800.8333,-1.9132E+001
801.8333,-2.6337E+001
802.8333,-7.8077E+000
803.8333,-3.8509E+000
804.8333,-1.3325E+001
805.8333,-4.8783E+001
806.8333,-2.3757E+001
807.8333,-1.9540E+001
808.8333,-1.9062E+001
809.8333,-7.9206E+001
810.8333,-7.2185E+001
811.8333,-5.3396E+001
812.8333,-2.7781E+001
813.8333,-3.0899E+001
814.8333,-2.0846E+001
815.8333,-1.8617E+001
816.8333,-1.2407E+001
817.8333,-5.0216E+001
818.8333,-3.3615E+001
819.8333,-2.0981E+001
820.8333,3.8569E+001
821.8333,-4.3344E+001
822.8333,-4.4398E+001
823.8333,-1.6072E+001
824.8333,-4.6578E+000
825.8333,-8.7094E+000
826.8333,-2.0109E+001
827.8333,-2.2582E+001
828.8333,-1.7020E+001
829.8333,-1.1148E+001
830.8333,-1.1625E+001
831.8333,6.1084E+000
832.8333,-2.8907E+001
833.8333,-4.5167E+001
834.8333,-3.5723E+001
835.8333,-2.4248E+001
836.8333,-1.8593E+001
837.8333,-1.3902E+001
838.8333,-1.5326E+001
839.8333,-1.0037E+001
840.8333,-8.2391E+000
841.8333,-1.0196E+001
842.8333,-3.5502E+000
843.8333,-3.1956E+001
844.8333,-3.0545E+001
845.8333,-4.7752E+001
846.8333,-2.8313E+001
847.8333,-3.8765E+001
848.8333,-2.9758E+001
849.8333,-5.5902E+001
850.8333,-4.2275E+001
851.8333,-3.6669E+001
852.8333,-4.9863E+001
853.8333,-2.5321E+001
854.8333,-1.5226E+001
855.8333,-2.2780E+001
856.8333,-3.6415E+001
857.8333,-2.1314E+001
858.8333,-3.1187E+001
859.8333,-4.4716E+001
860.8333,-5.0566E+001
861.8333,-7.4768E+001
862.8333,-6.1403E+001
863.8333,-4.0582E+001
864.8333,-3.4159E+001
865.8333,-3.2761E+001
866.8333,-4.8538E+001
867.8333,-5.6328E+001
868.8333,-1.0635E+002
869.8333,-5.8638E+001
870.8333,-5.5573E+001
871.8333,-6.9589E+001
872.8333,-8.3057E+001
873.8333,-6.7549E+001
874.8333,-4.9917E+001
875.8333,-3.3695E+001
876.8333,-1.6091E+001
877.8333,-9.0419E+001
878.8333,-8.5098E+001
879.8333,-4.2177E+001
880.8333,-2.1607E+001
881.8333,-3.2553E+001
882.8333,-4.8618E+001
883.8333,-3.3506E+001
