"",32.500
149.8333,0.0000E+000
150.8333,-4.0043E+002
151.8333,-4.0377E+002
152.8333,-4.0090E+002
153.8333,-3.9450E+002
154.8333,-3.9020E+002
155.8333,-3.9219E+002
156.8333,-3.9391E+002
157.8333,-3.8986E+002
158.8333,-3.8872E+002
159.8333,-3.8677E+002
160.8333,-3.7816E+002
161.8333,-3.7706E+002
162.8333,-3.8366E+002
163.8333,-3.9004E+002
164.8333,-3.9313E+002
165.8333,-3.9169E+002
166.8333,-3.9401E+002
167.8333,-3.9985E+002
168.8333,-4.1056E+002
169.8333,-4.1458E+002
170.8333,-4.1522E+002
171.8333,-4.1650E+002
172.8333,-4.1980E+002
173.8333,-4.2315E+002
174.8333,-4.2549E+002
175.8333,-4.2519E+002
176.8333,-4.1906E+002
177.8333,-4.1403E+002
178.8333,-4.1557E+002
179.8333,-4.1890E+002
180.8333,-4.1903E+002
181.8333,-4.1921E+002
182.8333,-4.2058E+002
183.8333,-4.2508E+002
184.8333,-4.2807E+002
185.8333,-4.2858E+002
186.8333,-4.2858E+002
187.8333,-4.3094E+002
188.8333,-4.3494E+002
189.8333,-4.3710E+002
190.8333,-4.3750E+002
191.8333,-4.3778E+002
192.8333,-4.3723E+002
193.8333,-4.3840E+002
194.8333,-4.4264E+002
195.8333,-4.4646E+002
196.8333,-4.5050E+002
197.8333,-4.5339E+002
198.8333,-4.5294E+002
199.8333,-4.5064E+002
200.8333,-4.4885E+002
201.8333,-4.4765E+002
202.8333,-4.3164E+002
203.8333,-4.3766E+002
204.8333,-4.3819E+002
205.8333,-4.4113E+002
206.8333,-4.4297E+002
207.8333,-4.4356E+002
208.8333,-4.4220E+002
209.8333,-4.4073E+002
210.8333,-4.3991E+002
211.8333,-4.4095E+002
212.8333,-4.4492E+002
213.8333,-4.4827E+002
214.8333,-4.4827E+002
215.8333,-4.4458E+002
216.8333,-4.3514E+002
217.8333,-4.3769E+002
218.8333,-4.3714E+002
219.8333,-4.3341E+002
220.8333,-4.3179E+002
221.8333,-4.2850E+002
222.8333,-4.2411E+002
223.8333,-4.2021E+002
224.8333,-4.1837E+002
225.8333,-4.1920E+002
226.8333,-4.2073E+002
227.8333,-4.2171E+002
228.8333,-4.2398E+002
229.8333,-4.2596E+002
230.8333,-4.2682E+002
231.8333,-4.2503E+002
232.8333,-4.2382E+002
233.8333,-4.2391E+002
234.8333,-4.2310E+002
235.8333,-4.1849E+002
236.8333,-4.1629E+002
237.8333,-4.1912E+002
238.8333,-4.1361E+002
239.8333,-4.1748E+002
240.8333,-4.1660E+002
241.8333,-4.1630E+002
242.8333,-4.1447E+002
243.8333,-4.1241E+002
244.8333,-4.0831E+002
245.8333,-4.0605E+002
246.8333,-4.0669E+002
247.8333,-4.0758E+002
248.8333,-4.0801E+002
249.8333,-4.0934E+002
250.8333,-4.1022E+002
251.8333,-4.0946E+002
252.8333,-4.0730E+002
253.8333,-4.0485E+002
254.8333,-4.0245E+002
255.8333,-4.0103E+002
256.8333,-4.0335E+002
257.8333,-4.0587E+002
258.8333,-4.0724E+002
259.8333,-4.0842E+002
260.8333,-4.0902E+002
261.8333,-4.0806E+002
262.8333,-4.0551E+002
263.8333,-3.9934E+002
264.8333,-3.9049E+002
265.8333,-4.0316E+002
266.8333,-4.0324E+002
267.8333,-4.0247E+002
268.8333,-4.0162E+002
269.8333,-4.0081E+002
270.8333,-3.9959E+002
271.8333,-3.9785E+002
272.8333,-3.9647E+002
273.8333,-3.9507E+002
274.8333,-3.9446E+002
275.8333,-3.9497E+002
276.8333,-3.9473E+002
277.8333,-3.9311E+002
278.8333,-3.8111E+002
279.8333,-3.8122E+002
280.8333,-3.7748E+002
281.8333,-3.8458E+002
282.8333,-3.9063E+002
283.8333,-3.9029E+002
284.8333,-3.8944E+002
285.8333,-3.8744E+002
286.8333,-3.8553E+002
287.8333,-3.8415E+002
288.8333,-3.8297E+002
289.8333,-3.8177E+002
290.8333,-3.8156E+002
291.8333,-3.8128E+002
292.8333,-3.7937E+002
293.8333,-3.7269E+002
294.8333,-3.7560E+002
295.8333,-3.7450E+002
296.8333,-3.7376E+002
297.8333,-3.7150E+002
298.8333,-3.6963E+002
299.8333,-3.6808E+002
300.8333,-3.6603E+002
301.8333,-3.6349E+002
302.8333,-3.6224E+002
303.8333,-3.6222E+002
304.8333,-3.6202E+002
305.8333,-3.5844E+002
306.8333,-3.5589E+002
307.8333,-3.5846E+002
308.8333,-3.5754E+002
309.8333,-3.5695E+002
310.8333,-3.5674E+002
311.8333,-3.5735E+002
312.8333,-3.5755E+002
313.8333,-3.5679E+002
314.8333,-3.5715E+002
315.8333,-3.5751E+002
316.8333,-3.5772E+002
317.8333,-3.5782E+002
318.8333,-3.5838E+002
319.8333,-3.5927E+002
320.8333,-3.5913E+002
321.8333,-3.5719E+002
322.8333,-3.5574E+002
323.8333,-3.5547E+002
324.8333,-3.5402E+002
325.8333,-3.5274E+002
326.8333,-3.5144E+002
327.8333,-3.4996E+002
328.8333,-3.4892E+002
329.8333,-3.4847E+002
330.8333,-3.4824E+002
331.8333,-3.4779E+002
332.8333,-3.4783E+002
333.8333,-3.4864E+002
334.8333,-3.4857E+002
335.8333,-3.4670E+002
336.8333,-3.4511E+002
337.8333,-3.3629E+002
338.8333,-3.4222E+002
339.8333,-3.4090E+002
340.8333,-3.3929E+002
341.8333,-3.3670E+002
342.8333,-3.3538E+002
343.8333,-3.3444E+002
344.8333,-3.3348E+002
345.8333,-3.3269E+002
346.8333,-3.3220E+002
347.8333,-3.3198E+002
348.8333,-3.3179E+002
349.8333,-3.3132E+002
350.8333,-3.3090E+002
351.8333,-3.3029E+002
352.8333,-3.2929E+002
353.8333,-3.2835E+002
354.8333,-3.2751E+002
355.8333,-3.2699E+002
356.8333,-3.2654E+002
357.8333,-3.2595E+002
358.8333,-3.2570E+002
359.8333,-3.2530E+002
360.8333,-3.2454E+002
361.8333,-3.2347E+002
362.8333,-3.2238E+002
363.8333,-3.2149E+002
364.8333,-3.2097E+002
365.8333,-3.2056E+002
366.8333,-3.1984E+002
367.8333,-3.1937E+002
368.8333,-3.1958E+002
369.8333,-3.2058E+002
370.8333,-3.2182E+002
371.8333,-3.2126E+002
372.8333,-3.2100E+002
373.8333,-3.2009E+002
374.8333,-3.1876E+002
375.8333,-3.1803E+002
376.8333,-3.1789E+002
377.8333,-3.1771E+002
378.8333,-3.1742E+002
379.8333,-3.1670E+002
380.8333,-3.1480E+002
381.8333,-3.1305E+002
382.8333,-3.1259E+002
383.8333,-3.1166E+002
384.8333,-3.0937E+002
385.8333,-3.0766E+002
386.8333,-3.0696E+002
387.8333,-3.0647E+002
388.8333,-3.0631E+002
389.8333,-3.0607E+002
390.8333,-3.0609E+002
391.8333,-3.0587E+002
392.8333,-3.0598E+002
393.8333,-3.0617E+002
394.8333,-3.0597E+002
395.8333,-3.0619E+002
396.8333,-3.0611E+002
397.8333,-3.0608E+002
398.8333,-3.0619E+002
399.8333,-3.0618E+002
400.8333,-3.0618E+002
401.8333,-3.0620E+002
402.8333,-3.0613E+002
403.8333,-3.0609E+002
404.8333,-3.0619E+002
405.8333,-3.0619E+002
406.8333,-3.0618E+002
407.8333,-3.0620E+002
408.8333,-3.0613E+002
409.8333,-3.0613E+002
410.8333,-3.0617E+002
411.8333,-3.0618E+002
412.8333,-3.0618E+002
413.8333,-3.0592E+002
414.8333,-3.0614E+002
415.8333,-3.0632E+002
416.8333,-3.0653E+002
417.8333,-3.0634E+002
418.8333,-3.0601E+002
419.8333,-3.0626E+002
420.8333,-3.0616E+002
421.8333,-3.0629E+002
422.8333,-3.0651E+002
423.8333,-3.0681E+002
424.8333,-3.0696E+002
425.8333,-3.0708E+002
426.8333,-3.0731E+002
427.8333,-3.0709E+002
428.8333,-3.0626E+002
429.8333,-3.0621E+002
430.8333,-3.0618E+002
431.8333,-3.0606E+002
432.8333,-3.0632E+002
433.8333,-3.0717E+002
434.8333,-3.0874E+002
435.8333,-3.0990E+002
436.8333,-3.1027E+002
437.8333,-3.1313E+002
438.8333,-3.1175E+002
439.8333,-3.1149E+002
440.8333,-3.1075E+002
441.8333,-3.1027E+002
442.8333,-3.1047E+002
443.8333,-3.1051E+002
444.8333,-3.1191E+002
445.8333,-3.1312E+002
446.8333,-3.1464E+002
447.8333,-3.1537E+002
448.8333,-3.1633E+002
449.8333,-3.1719E+002
450.8333,-3.1830E+002
451.8333,-3.1875E+002
452.8333,-3.1869E+002
453.8333,-3.1912E+002
454.8333,-3.2088E+002
455.8333,-3.2105E+002
456.8333,-3.2170E+002
457.8333,-3.2214E+002
458.8333,-3.2201E+002
459.8333,-3.2208E+002
460.8333,-3.2239E+002
461.8333,-3.2242E+002
462.8333,-3.2232E+002
463.8333,-3.2258E+002
464.8333,-3.2326E+002
465.8333,-3.2432E+002
466.8333,-3.2402E+002
467.8333,-3.2525E+002
468.8333,-3.2525E+002
469.8333,-3.2539E+002
470.8333,-3.2555E+002
471.8333,-3.2589E+002
472.8333,-3.2702E+002
473.8333,-3.2865E+002
474.8333,-3.3015E+002
475.8333,-3.3196E+002
476.8333,-3.3404E+002
477.8333,-3.3595E+002
478.8333,-3.3736E+002
479.8333,-3.3883E+002
480.8333,-3.4024E+002
481.8333,-3.4081E+002
482.8333,-3.4245E+002
483.8333,-3.4326E+002
484.8333,-3.4396E+002
485.8333,-3.4509E+002
486.8333,-3.4585E+002
487.8333,-3.4657E+002
488.8333,-3.4747E+002
489.8333,-3.4847E+002
490.8333,-3.4994E+002
491.8333,-3.5219E+002
492.8333,-3.5552E+002
493.8333,-3.6335E+002
494.8333,-3.7129E+002
495.8333,-3.7465E+002
496.8333,-3.7125E+002
497.8333,-3.6740E+002
498.8333,-3.6852E+002
499.8333,-3.7176E+002
500.8333,-3.7482E+002
501.8333,-3.7494E+002
502.8333,-3.7260E+002
503.8333,-3.7107E+002
504.8333,-3.7033E+002
505.8333,-3.7081E+002
506.8333,-3.7404E+002
507.8333,-3.7935E+002
508.8333,-3.8789E+002
509.8333,-3.9191E+002
510.8333,-3.9057E+002
511.8333,-3.9108E+002
512.8333,-3.9121E+002
513.8333,-3.9055E+002
514.8333,-3.9206E+002
515.8333,-3.9576E+002
516.8333,-4.0196E+002
517.8333,-4.0593E+002
518.8333,-4.0220E+002
519.8333,-3.9865E+002
520.8333,-3.9913E+002
521.8333,-3.9699E+002
522.8333,-3.9938E+002
523.8333,-4.0461E+002
524.8333,-4.0908E+002
525.8333,-4.1227E+002
526.8333,-4.1478E+002
527.8333,-4.1597E+002
528.8333,-4.1484E+002
529.8333,-4.1665E+002
530.8333,-4.2073E+002
531.8333,-4.2295E+002
532.8333,-4.2218E+002
533.8333,-4.2219E+002
534.8333,-4.2194E+002
535.8333,-4.1921E+002
536.8333,-4.1341E+002
537.8333,-4.0388E+002
538.8333,-4.0086E+002
539.8333,-4.0377E+002
540.8333,-4.1131E+002
541.8333,-4.1932E+002
542.8333,-4.2289E+002
543.8333,-4.2029E+002
544.8333,-4.1655E+002
545.8333,-4.1349E+002
546.8333,-4.0991E+002
547.8333,-4.0860E+002
548.8333,-4.0913E+002
549.8333,-4.0953E+002
550.8333,-4.1220E+002
551.8333,-4.1350E+002
552.8333,-4.1542E+002
553.8333,-4.1811E+002
554.8333,-4.2257E+002
555.8333,-4.3023E+002
556.8333,-4.3032E+002
557.8333,-4.2832E+002
558.8333,-4.2628E+002
559.8333,-4.2573E+002
560.8333,-4.2590E+002
561.8333,-4.2813E+002
562.8333,-4.2987E+002
563.8333,-4.2992E+002
564.8333,-4.2974E+002
565.8333,-4.2831E+002
566.8333,-4.2698E+002
567.8333,-4.2652E+002
568.8333,-4.2622E+002
569.8333,-4.3075E+002
570.8333,-4.3540E+002
571.8333,-4.3966E+002
572.8333,-4.4123E+002
573.8333,-4.4097E+002
574.8333,-4.4300E+002
575.8333,-4.4489E+002
576.8333,-4.4648E+002
577.8333,-4.4990E+002
578.8333,-4.5254E+002
579.8333,-4.5110E+002
580.8333,-4.4662E+002
581.8333,-4.3719E+002
582.8333,-4.4141E+002
583.8333,-4.4106E+002
584.8333,-4.3788E+002
585.8333,-4.3501E+002
586.8333,-4.2995E+002
587.8333,-4.3219E+002
588.8333,-4.3317E+002
589.8333,-4.3139E+002
590.8333,-4.2839E+002
591.8333,-4.2950E+002
592.8333,-4.2901E+002
593.8333,-4.2589E+002
594.8333,-4.1996E+002
595.8333,-4.0982E+002
596.8333,-4.1850E+002
597.8333,-4.1826E+002
598.8333,-4.1660E+002
599.8333,-4.1676E+002
600.8333,-4.2137E+002
601.8333,-4.2623E+002
602.8333,-4.2679E+002
603.8333,-4.2758E+002
604.8333,-4.2903E+002
605.8333,-4.3102E+002
606.8333,-4.3192E+002
607.8333,-4.2675E+002
608.8333,-4.2215E+002
609.8333,-4.1776E+002
610.8333,-4.1822E+002
611.8333,-4.1524E+002
612.8333,-4.1258E+002
613.8333,-4.1468E+002
614.8333,-4.1795E+002
615.8333,-4.1910E+002
616.8333,-4.1777E+002
617.8333,-4.1481E+002
618.8333,-4.1431E+002
619.8333,-4.1180E+002
620.8333,-4.1069E+002
621.8333,-4.0979E+002
622.8333,-4.0822E+002
623.8333,-4.0743E+002
624.8333,-4.0698E+002
625.8333,-4.0647E+002
626.8333,-4.0617E+002
627.8333,-4.0661E+002
628.8333,-4.0757E+002
629.8333,-4.0706E+002
630.8333,-4.0589E+002
631.8333,-4.0507E+002
632.8333,-4.0672E+002
633.8333,-4.0828E+002
634.8333,-4.0906E+002
635.8333,-4.0720E+002
636.8333,-3.9982E+002
637.8333,-4.0386E+002
638.8333,-4.0403E+002
639.8333,-4.0361E+002
640.8333,-4.0366E+002
641.8333,-4.0404E+002
642.8333,-4.0481E+002
643.8333,-4.0491E+002
644.8333,-4.0392E+002
645.8333,-4.0317E+002
646.8333,-4.0236E+002
647.8333,-4.0110E+002
648.8333,-3.9949E+002
649.8333,-3.9742E+002
650.8333,-3.9525E+002
651.8333,-3.9318E+002
652.8333,-3.9139E+002
653.8333,-3.8996E+002
654.8333,-3.8955E+002
655.8333,-3.8981E+002
656.8333,-3.8987E+002
657.8333,-3.8940E+002
658.8333,-3.8862E+002
659.8333,-3.8878E+002
660.8333,-3.8851E+002
661.8333,-3.8761E+002
662.8333,-3.8651E+002
663.8333,-3.8538E+002
664.8333,-3.8408E+002
665.8333,-3.8153E+002
666.8333,-3.7947E+002
667.8333,-3.7828E+002
668.8333,-3.7705E+002
669.8333,-3.7544E+002
670.8333,-3.7361E+002
671.8333,-3.7167E+002
672.8333,-3.7000E+002
673.8333,-3.6873E+002
674.8333,-3.6712E+002
675.8333,-3.6553E+002
676.8333,-3.6438E+002
677.8333,-3.6306E+002
678.8333,-3.6111E+002
679.8333,-3.5923E+002
680.8333,-3.5815E+002
681.8333,-3.5735E+002
682.8333,-3.5699E+002
683.8333,-3.5580E+002
684.8333,-3.5341E+002
685.8333,-3.4619E+002
686.8333,-3.5058E+002
687.8333,-3.4914E+002
688.8333,-3.4792E+002
689.8333,-3.4743E+002
690.8333,-3.4652E+002
691.8333,-3.4421E+002
692.8333,-3.4235E+002
693.8333,-3.4130E+002
694.8333,-3.4083E+002
695.8333,-3.4015E+002
696.8333,-3.3900E+002
697.8333,-3.3769E+002
698.8333,-3.3553E+002
699.8333,-3.3280E+002
700.8333,-3.3112E+002
701.8333,-3.2954E+002
702.8333,-3.2783E+002
703.8333,-3.2638E+002
704.8333,-3.2492E+002
705.8333,-3.2365E+002
706.8333,-3.2278E+002
707.8333,-3.2185E+002
708.8333,-3.2115E+002
709.8333,-3.2065E+002
710.8333,-3.1961E+002
711.8333,-3.1862E+002
712.8333,-3.1738E+002
713.8333,-3.1584E+002
714.8333,-3.1399E+002
715.8333,-3.1175E+002
716.8333,-3.1069E+002
717.8333,-3.1060E+002
718.8333,-3.1041E+002
719.8333,-3.1002E+002
720.8333,-3.0997E+002
721.8333,-3.0997E+002
722.8333,-3.0957E+002
723.8333,-3.0916E+002
724.8333,-3.0900E+002
725.8333,-3.0899E+002
726.8333,-3.0906E+002
727.8333,-3.0910E+002
728.8333,-3.0893E+002
729.8333,-3.0853E+002
730.8333,-3.0770E+002
731.8333,-3.0601E+002
732.8333,-3.0580E+002
733.8333,-3.0619E+002
734.8333,-3.0622E+002
735.8333,-3.0648E+002
736.8333,-3.0692E+002
737.8333,-3.0752E+002
738.8333,-3.0753E+002
739.8333,-3.0744E+002
740.8333,-3.0755E+002
741.8333,-3.0741E+002
742.8333,-3.0721E+002
743.8333,-3.0678E+002
744.8333,-3.0630E+002
745.8333,-3.0621E+002
746.8333,-3.0614E+002
747.8333,-3.0625E+002
748.8333,-3.0616E+002
749.8333,-3.0620E+002
750.8333,-3.0618E+002
751.8333,-3.0608E+002
752.8333,-3.0616E+002
753.8333,-3.0616E+002
754.8333,-3.0606E+002
755.8333,-3.0618E+002
756.8333,-3.0606E+002
757.8333,-3.0618E+002
758.8333,-3.0621E+002
759.8333,-3.0624E+002
760.8333,-3.0619E+002
761.8333,-3.0618E+002
762.8333,-3.0619E+002
763.8333,-3.0621E+002
764.8333,-3.0629E+002
765.8333,-3.0665E+002
766.8333,-3.0665E+002
767.8333,-3.0661E+002
768.8333,-3.0654E+002
769.8333,-3.0629E+002
770.8333,-3.0618E+002
771.8333,-3.0619E+002
772.8333,-3.0619E+002
773.8333,-3.0613E+002
774.8333,-3.0625E+002
775.8333,-3.0609E+002
776.8333,-3.0617E+002
777.8333,-3.0712E+002
778.8333,-3.0686E+002
779.8333,-3.0635E+002
780.8333,-3.0613E+002
781.8333,-3.0605E+002
782.8333,-3.0611E+002
783.8333,-3.0612E+002
784.8333,-3.0619E+002
785.8333,-3.0627E+002
786.8333,-3.0618E+002
787.8333,-3.0619E+002
788.8333,-3.0622E+002
789.8333,-3.0627E+002
790.8333,-3.0619E+002
791.8333,-3.0620E+002
792.8333,-3.0675E+002
793.8333,-3.0717E+002
794.8333,-3.0745E+002
795.8333,-3.0805E+002
796.8333,-3.0855E+002
797.8333,-3.0879E+002
798.8333,-3.0848E+002
799.8333,-3.0872E+002
800.8333,-3.0892E+002
801.8333,-3.0913E+002
802.8333,-3.1063E+002
803.8333,-3.1126E+002
804.8333,-3.1135E+002
805.8333,-3.1172E+002
806.8333,-3.1187E+002
807.8333,-3.1202E+002
808.8333,-3.1212E+002
809.8333,-3.1186E+002
810.8333,-3.1114E+002
811.8333,-3.1100E+002
812.8333,-3.1118E+002
813.8333,-3.1163E+002
814.8333,-3.1228E+002
815.8333,-3.1334E+002
816.8333,-3.1399E+002
817.8333,-3.1382E+002
818.8333,-3.1395E+002
819.8333,-3.1446E+002
820.8333,-3.1558E+002
821.8333,-3.1696E+002
822.8333,-3.1740E+002
823.8333,-3.1790E+002
824.8333,-3.1890E+002
825.8333,-3.2002E+002
826.8333,-3.2107E+002
827.8333,-3.2247E+002
828.8333,-3.2494E+002
829.8333,-3.2554E+002
830.8333,-3.2622E+002
831.8333,-3.2750E+002
832.8333,-3.2873E+002
833.8333,-3.2898E+002
834.8333,-3.2979E+002
835.8333,-3.3119E+002
836.8333,-3.3309E+002
837.8333,-3.3564E+002
838.8333,-3.3845E+002
839.8333,-3.3956E+002
840.8333,-3.4091E+002
841.8333,-3.4393E+002
842.8333,-3.4722E+002
843.8333,-3.4962E+002
844.8333,-3.4972E+002
845.8333,-3.5116E+002
846.8333,-3.4957E+002
847.8333,-3.4885E+002
848.8333,-3.4842E+002
849.8333,-3.4846E+002
850.8333,-3.4910E+002
851.8333,-3.5016E+002
852.8333,-3.4994E+002
853.8333,-3.5005E+002
854.8333,-3.5189E+002
855.8333,-3.5539E+002
856.8333,-3.5865E+002
857.8333,-3.6120E+002
858.8333,-3.6290E+002
859.8333,-3.6470E+002
860.8333,-3.6588E+002
861.8333,-3.6638E+002
862.8333,-3.6563E+002
863.8333,-3.6825E+002
864.8333,-3.7064E+002
865.8333,-3.7182E+002
866.8333,-3.7532E+002
867.8333,-3.7742E+002
868.8333,-3.7498E+002
869.8333,-3.7037E+002
870.8333,-3.7227E+002
871.8333,-3.7222E+002
872.8333,-3.7019E+002
873.8333,-3.6843E+002
874.8333,-3.6932E+002
875.8333,-3.7194E+002
876.8333,-3.7411E+002
877.8333,-3.7473E+002
878.8333,-3.7451E+002
879.8333,-3.7642E+002
880.8333,-3.7992E+002
881.8333,-3.8182E+002
882.8333,-3.8378E+002
883.8333,-3.8701E+002
