"",32.500
149.8333,0.0000E+000
150.8333,1.5311E+002
151.8333,7.6771E+001
152.8333,5.1269E+001
153.8333,5.7540E+001
154.8333,1.0272E+002
155.8333,1.6389E+002
156.8333,7.2510E+001
157.8333,5.4662E+001
158.8333,4.9701E+001
159.8333,5.8384E+001
160.8333,7.0071E+001
161.8333,1.6920E+002
162.8333,1.6979E+002
163.8333,1.3164E+002
164.8333,1.6711E+002
165.8333,1.8780E+002
166.8333,1.3157E+002
167.8333,1.8879E+002
168.8333,1.8794E+002
169.8333,1.7551E+002
170.8333,1.9135E+002
171.8333,1.6088E+002
172.8333,1.3384E+002
173.8333,1.2879E+002
174.8333,1.7655E+002
175.8333,9.9329E+001
176.8333,1.7049E+002
177.8333,1.2900E+002
178.8333,1.3211E+002
179.8333,1.7231E+002
180.8333,1.9371E+002
181.8333,1.8392E+002
182.8333,2.0856E+002
183.8333,1.8205E+002
184.8333,1.9448E+002
185.8333,1.8973E+002
186.8333,1.9141E+002
187.8333,2.0428E+002
188.8333,2.0773E+002
189.8333,1.7164E+002
190.8333,1.5773E+002
191.8333,1.3195E+002
192.8333,1.4785E+002
193.8333,1.9782E+002
194.8333,1.8037E+002
195.8333,1.9286E+002
196.8333,2.0100E+002
197.8333,1.9070E+002
198.8333,2.0481E+002
199.8333,1.9559E+002
200.8333,1.5656E+002
201.8333,1.0598E+002
202.8333,8.8707E+001
203.8333,1.7266E+002
204.8333,1.9544E+002
205.8333,1.6169E+002
206.8333,1.6153E+002
207.8333,1.4205E+002
208.8333,1.6547E+002
209.8333,1.9237E+002
210.8333,1.9437E+002
211.8333,1.4432E+002
212.8333,1.7057E+002
213.8333,1.5943E+002
214.8333,1.2775E+002
215.8333,1.7369E+002
216.8333,1.8163E+002
217.8333,1.2739E+002
218.8333,1.7537E+002
219.8333,1.9166E+002
220.8333,1.5854E+002
221.8333,1.8856E+002
222.8333,1.9266E+002
223.8333,1.8261E+002
224.8333,1.8291E+002
225.8333,1.8204E+002
226.8333,1.6231E+002
227.8333,1.8267E+002
228.8333,1.7427E+002
229.8333,1.5032E+002
230.8333,1.1563E+002
231.8333,1.4965E+002
232.8333,1.7205E+002
233.8333,1.6871E+002
234.8333,1.5925E+002
235.8333,1.4450E+002
236.8333,1.3438E+002
237.8333,6.5199E+001
238.8333,1.3827E+002
239.8333,6.9999E+001
240.8333,1.4760E+002
241.8333,1.7119E+002
242.8333,1.4464E+002
243.8333,1.2596E+002
244.8333,7.5469E+001
245.8333,1.0685E+002
246.8333,1.1927E+002
247.8333,9.3746E+001
248.8333,1.4318E+002
249.8333,1.5237E+002
250.8333,1.3721E+002
251.8333,1.3637E+002
252.8333,1.4237E+002
253.8333,1.5108E+002
254.8333,8.9355E+001
255.8333,4.9992E+001
256.8333,6.9368E+001
257.8333,1.2938E+002
258.8333,1.4010E+002
259.8333,1.3677E+002
260.8333,1.2013E+002
261.8333,1.1981E+002
262.8333,1.2724E+002
263.8333,1.2372E+002
264.8333,5.7060E+001
265.8333,8.3772E+001
266.8333,9.5699E+001
267.8333,1.2116E+002
268.8333,1.1924E+002
269.8333,1.2276E+002
270.8333,6.4194E+001
271.8333,1.0301E+002
272.8333,5.1106E+001
273.8333,7.5777E+001
274.8333,1.0462E+002
275.8333,1.1092E+002
276.8333,1.0614E+002
277.8333,1.1131E+002
278.8333,1.1830E+002
279.8333,1.1622E+002
280.8333,1.1207E+002
281.8333,7.1947E+001
282.8333,7.9365E+001
283.8333,7.7931E+001
284.8333,1.0396E+002
285.8333,1.0804E+002
286.8333,8.3683E+001
287.8333,9.2394E+001
288.8333,6.9713E+001
289.8333,6.7016E+001
290.8333,9.0184E+001
291.8333,3.4285E+001
292.8333,8.3361E+001
293.8333,6.6881E+001
294.8333,6.3875E+001
295.8333,5.3079E+001
296.8333,4.4494E+001
297.8333,5.7017E+001
298.8333,8.3971E+001
299.8333,3.4537E+001
300.8333,3.7726E+001
301.8333,6.9407E+001
302.8333,6.8844E+001
303.8333,8.0680E+001
304.8333,5.4757E+001
305.8333,5.5180E+001
306.8333,4.7917E+001
307.8333,4.4480E+001
308.8333,3.7921E+001
309.8333,5.1967E+001
310.8333,2.7539E+001
311.8333,5.3168E+001
312.8333,7.2039E+001
313.8333,7.0084E+001
314.8333,3.3063E+001
315.8333,4.8597E+001
316.8333,2.8436E+001
317.8333,5.5852E+001
318.8333,5.2501E+001
319.8333,6.1062E+001
320.8333,6.4609E+001
321.8333,3.8871E+001
322.8333,5.5188E+001
323.8333,6.4864E+001
324.8333,6.4900E+001
325.8333,4.9580E+001
326.8333,6.0514E+001
327.8333,6.1393E+001
328.8333,5.7707E+001
329.8333,5.4612E+001
330.8333,2.3160E+001
331.8333,3.1433E+001
332.8333,4.6828E+001
333.8333,2.6795E+001
334.8333,4.1182E+001
335.8333,4.9669E+001
336.8333,3.7233E+001
337.8333,3.4156E+001
338.8333,4.2124E+001
339.8333,3.1316E+001
340.8333,3.5102E+001
341.8333,4.1233E+001
342.8333,5.2398E+001
343.8333,2.3844E+001
344.8333,4.9189E+001
345.8333,2.7452E+001
346.8333,4.8455E+001
347.8333,4.8634E+001
348.8333,4.0782E+001
349.8333,3.2355E+001
350.8333,3.0017E+001
351.8333,3.4958E+001
352.8333,5.0331E+001
353.8333,5.2619E+001
354.8333,4.1825E+001
355.8333,2.0428E+001
356.8333,3.2361E+001
357.8333,4.8282E+001
358.8333,2.5909E+001
359.8333,2.5933E+001
360.8333,3.5877E+001
361.8333,5.3797E+001
362.8333,2.8249E+001
363.8333,4.4165E+001
364.8333,2.1423E+001
365.8333,4.3807E+001
366.8333,5.0028E+001
367.8333,4.9547E+001
368.8333,2.6159E+001
369.8333,3.1564E+001
370.8333,4.9165E+001
371.8333,2.4052E+001
372.8333,3.7699E+001
373.8333,3.8923E+001
374.8333,4.8557E+001
375.8333,3.4592E+001
376.8333,3.2972E+001
377.8333,1.9844E+001
378.8333,1.7517E+001
379.8333,4.2427E+001
380.8333,5.9564E+001
381.8333,5.2710E+001
382.8333,3.0791E+001
383.8333,3.5548E+001
384.8333,6.0404E+001
385.8333,2.9957E+001
386.8333,3.2470E+001
387.8333,3.4454E+001
388.8333,4.2680E+001
389.8333,4.5448E+001
390.8333,2.7030E+001
391.8333,5.2720E+001
392.8333,5.2334E+001
393.8333,6.5407E+001
394.8333,5.9376E+001
395.8333,3.8444E+001
396.8333,2.5013E+001
397.8333,5.5132E+001
398.8333,6.3564E+001
399.8333,4.8368E+001
400.8333,6.6243E+001
401.8333,6.6984E+001
402.8333,4.6010E+001
403.8333,4.9692E+001
404.8333,3.9311E+001
405.8333,6.4421E+001
406.8333,6.6899E+001
407.8333,8.1830E+001
408.8333,4.1720E+001
409.8333,7.2872E+001
410.8333,5.7448E+001
411.8333,7.7412E+001
412.8333,5.7443E+001
413.8333,9.3031E+001
414.8333,6.6029E+001
415.8333,8.6816E+001
416.8333,8.7729E+001
417.8333,9.3380E+001
418.8333,9.3247E+001
419.8333,1.0389E+002
420.8333,6.2691E+001
421.8333,4.5087E+001
422.8333,8.2041E+001
423.8333,1.1573E+002
424.8333,5.3355E+001
425.8333,6.4631E+001
426.8333,8.1862E+001
427.8333,5.1111E+001
428.8333,1.1577E+002
429.8333,1.1735E+002
430.8333,8.0848E+001
431.8333,1.1520E+002
432.8333,8.8232E+001
433.8333,1.0184E+002
434.8333,1.3167E+002
435.8333,7.5977E+001
436.8333,1.0384E+002
437.8333,5.5087E+001
438.8333,9.3719E+001
439.8333,6.8291E+001
440.8333,5.1368E+001
441.8333,1.1705E+002
442.8333,1.2646E+002
443.8333,1.5342E+002
444.8333,1.3582E+002
445.8333,1.5185E+002
446.8333,1.5166E+002
447.8333,1.3769E+002
448.8333,8.0301E+001
449.8333,7.2077E+001
450.8333,1.5490E+002
451.8333,1.7502E+002
452.8333,1.2365E+002
453.8333,1.6456E+002
454.8333,1.5931E+002
455.8333,8.2464E+001
456.8333,8.3959E+001
457.8333,6.1695E+001
458.8333,8.4490E+001
459.8333,1.2795E+002
460.8333,1.2831E+002
461.8333,9.8659E+001
462.8333,1.2744E+002
463.8333,9.8066E+001
464.8333,1.5063E+002
465.8333,8.0713E+001
466.8333,8.2922E+001
467.8333,1.1389E+002
468.8333,6.8153E+001
469.8333,5.0037E+001
470.8333,5.0129E+001
471.8333,6.7651E+001
472.8333,1.6540E+002
473.8333,1.9367E+002
474.8333,1.9079E+002
475.8333,1.6559E+002
476.8333,1.8553E+002
477.8333,1.6746E+002
478.8333,1.1423E+002
479.8333,1.6849E+002
480.8333,7.6752E+001
481.8333,7.8996E+001
482.8333,8.0321E+001
483.8333,1.2530E+002
484.8333,1.6934E+002
485.8333,1.3325E+002
486.8333,1.8763E+002
487.8333,2.0086E+002
488.8333,1.7191E+002
489.8333,1.6184E+002
490.8333,1.9337E+002
491.8333,1.9905E+002
492.8333,1.9316E+002
493.8333,1.7842E+002
494.8333,1.4071E+002
495.8333,1.8836E+002
496.8333,2.0685E+002
497.8333,2.0538E+002
498.8333,1.3623E+002
499.8333,1.2346E+002
500.8333,1.4603E+002
501.8333,9.4293E+001
502.8333,7.3051E+001
503.8333,1.1206E+002
504.8333,1.5922E+002
505.8333,2.0345E+002
506.8333,1.5985E+002
507.8333,1.9572E+002
508.8333,2.0477E+002
509.8333,2.0595E+002
510.8333,1.2341E+002
511.8333,1.8012E+002
512.8333,1.9318E+002
513.8333,1.2185E+002
514.8333,9.6893E+001
515.8333,1.5307E+002
516.8333,1.3924E+002
517.8333,1.3293E+002
518.8333,7.8973E+001
519.8333,1.4145E+002
520.8333,1.8779E+002
521.8333,1.9389E+002
522.8333,1.9464E+002
523.8333,1.5048E+002
524.8333,1.6516E+002
525.8333,1.5068E+002
526.8333,1.6529E+002
527.8333,1.6250E+002
528.8333,1.6060E+002
529.8333,1.9170E+002
530.8333,1.6545E+002
531.8333,1.6101E+002
532.8333,1.9624E+002
533.8333,1.7509E+002
534.8333,1.5060E+002
535.8333,1.8016E+002
536.8333,1.5887E+002
537.8333,1.7959E+002
538.8333,1.9623E+002
539.8333,1.8186E+002
540.8333,2.0067E+002
541.8333,1.7643E+002
542.8333,1.4556E+002
543.8333,1.8040E+002
544.8333,1.9143E+002
545.8333,1.9163E+002
546.8333,2.0311E+002
547.8333,1.8246E+002
548.8333,1.4787E+002
549.8333,1.2920E+002
550.8333,1.3974E+002
551.8333,1.6209E+002
552.8333,1.5644E+002
553.8333,1.2826E+002
554.8333,1.7982E+002
555.8333,1.8703E+002
556.8333,2.0083E+002
557.8333,1.7566E+002
558.8333,1.7250E+002
559.8333,1.4814E+002
560.8333,1.7074E+002
561.8333,2.0366E+002
562.8333,1.3267E+002
563.8333,1.2912E+002
564.8333,1.6290E+002
565.8333,1.9531E+002
566.8333,2.0588E+002
567.8333,1.0931E+002
568.8333,1.7991E+002
569.8333,2.0086E+002
570.8333,1.9927E+002
571.8333,1.7576E+002
572.8333,1.3425E+002
573.8333,1.6436E+002
574.8333,1.5938E+002
575.8333,1.9024E+002
576.8333,1.9754E+002
577.8333,1.9761E+002
578.8333,1.8324E+002
579.8333,1.8933E+002
580.8333,1.9857E+002
581.8333,1.2371E+002
582.8333,1.1477E+002
583.8333,9.7670E+001
584.8333,1.7755E+002
585.8333,9.0122E+001
586.8333,1.7120E+002
587.8333,1.8726E+002
588.8333,1.5841E+002
589.8333,1.7312E+002
590.8333,1.6623E+002
591.8333,1.3408E+002
592.8333,1.6605E+002
593.8333,1.5950E+002
594.8333,1.5100E+002
595.8333,1.5991E+002
596.8333,1.6052E+002
597.8333,1.3927E+002
598.8333,8.1177E+001
599.8333,1.2744E+002
600.8333,1.5108E+002
601.8333,1.5535E+002
602.8333,1.7248E+002
603.8333,1.6669E+002
604.8333,1.4846E+002
605.8333,1.5503E+002
606.8333,9.8046E+001
607.8333,1.4734E+002
608.8333,1.6399E+002
609.8333,1.5993E+002
610.8333,1.4592E+002
611.8333,1.5984E+002
612.8333,1.4751E+002
613.8333,1.5058E+002
614.8333,1.3032E+002
615.8333,6.7565E+001
616.8333,6.5219E+001
617.8333,7.5244E+001
618.8333,1.3823E+002
619.8333,1.0700E+002
620.8333,1.0755E+002
621.8333,7.3277E+001
622.8333,1.2748E+002
623.8333,1.2266E+002
624.8333,1.3837E+002
625.8333,1.3970E+002
626.8333,1.3766E+002
627.8333,1.1565E+002
628.8333,1.2707E+002
629.8333,1.3376E+002
630.8333,1.3070E+002
631.8333,1.2933E+002
632.8333,9.7337E+001
633.8333,9.9464E+001
634.8333,9.3724E+001
635.8333,1.1911E+002
636.8333,1.0657E+002
637.8333,1.1942E+002
638.8333,1.2145E+002
639.8333,1.1798E+002
640.8333,1.1185E+002
641.8333,1.1522E+002
642.8333,1.0020E+002
643.8333,9.9587E+001
644.8333,6.0738E+001
645.8333,8.0206E+001
646.8333,5.4923E+001
647.8333,4.8905E+001
648.8333,5.0901E+001
649.8333,9.4976E+001
650.8333,7.8018E+001
651.8333,7.9271E+001
652.8333,1.0020E+002
653.8333,9.0451E+001
654.8333,8.1302E+001
655.8333,6.1531E+001
656.8333,6.6511E+001
657.8333,8.5147E+001
658.8333,9.2140E+001
659.8333,5.4056E+001
660.8333,2.5531E+001
661.8333,7.3266E+001
662.8333,8.7908E+001
663.8333,3.8281E+001
664.8333,6.9956E+001
665.8333,7.5064E+001
666.8333,7.6126E+001
667.8333,7.8775E+001
668.8333,4.4022E+001
669.8333,7.8674E+001
670.8333,6.2446E+001
671.8333,7.9624E+001
672.8333,7.5567E+001
673.8333,4.3405E+001
674.8333,4.9465E+001
675.8333,6.3682E+001
676.8333,5.2935E+001
677.8333,5.7620E+001
678.8333,7.3590E+001
679.8333,5.8650E+001
680.8333,6.6143E+001
681.8333,7.0072E+001
682.8333,3.2985E+001
683.8333,2.2535E+001
684.8333,5.2888E+001
685.8333,6.7124E+001
686.8333,6.8042E+001
687.8333,3.1132E+001
688.8333,2.3503E+001
689.8333,3.1852E+001
690.8333,4.6970E+001
691.8333,5.9542E+001
692.8333,6.0734E+001
693.8333,2.8746E+001
694.8333,3.4964E+001
695.8333,5.5557E+001
696.8333,3.5928E+001
697.8333,4.9630E+001
698.8333,4.9511E+001
699.8333,2.5378E+001
700.8333,1.5337E+001
701.8333,2.6796E+001
702.8333,3.2719E+001
703.8333,5.3226E+001
704.8333,4.7729E+001
705.8333,4.4793E+001
706.8333,3.5593E+001
707.8333,2.4637E+001
708.8333,4.3898E+001
709.8333,3.7050E+001
710.8333,3.7094E+001
711.8333,2.6022E+001
712.8333,4.9040E+001
713.8333,2.1732E+001
714.8333,4.1672E+001
715.8333,4.8494E+001
716.8333,4.3308E+001
717.8333,1.9771E+001
718.8333,2.6045E+001
719.8333,4.9307E+001
720.8333,2.6851E+001
721.8333,3.0343E+001
722.8333,4.1895E+001
723.8333,4.9645E+001
724.8333,2.5088E+001
725.8333,4.0675E+001
726.8333,3.9553E+001
727.8333,4.8146E+001
728.8333,2.9526E+001
729.8333,1.6095E+001
730.8333,3.4122E+001
731.8333,5.1558E+001
732.8333,4.8154E+001
733.8333,4.2905E+001
734.8333,3.7339E+001
735.8333,2.9001E+001
736.8333,4.1307E+001
737.8333,3.5074E+001
738.8333,5.0056E+001
739.8333,2.6756E+001
740.8333,4.9700E+001
741.8333,5.4312E+001
742.8333,1.9284E+001
743.8333,3.6819E+001
744.8333,5.2836E+001
745.8333,5.1120E+001
746.8333,4.5225E+001
747.8333,5.7331E+001
748.8333,4.5870E+001
749.8333,4.4530E+001
750.8333,2.7962E+001
751.8333,4.0055E+001
752.8333,2.7654E+001
753.8333,5.4669E+001
754.8333,5.3742E+001
755.8333,2.9836E+001
756.8333,6.0922E+001
757.8333,5.3801E+001
758.8333,3.1535E+001
759.8333,6.4312E+001
760.8333,3.8519E+001
761.8333,5.3684E+001
762.8333,5.8326E+001
763.8333,3.0522E+001
764.8333,3.4130E+001
765.8333,2.8725E+001
766.8333,2.1872E+001
767.8333,4.5143E+001
768.8333,2.9551E+001
769.8333,5.1224E+001
770.8333,7.0727E+001
771.8333,8.4636E+001
772.8333,3.8978E+001
773.8333,7.9092E+001
774.8333,5.2244E+001
775.8333,8.4787E+001
776.8333,7.9894E+001
777.8333,5.1143E+001
778.8333,5.3511E+001
779.8333,5.8423E+001
780.8333,8.0824E+001
781.8333,3.4252E+001
782.8333,5.0367E+001
783.8333,8.5112E+001
784.8333,9.1495E+001
785.8333,4.5179E+001
786.8333,3.2970E+001
787.8333,5.7996E+001
788.8333,1.0094E+002
789.8333,6.6199E+001
790.8333,1.0878E+002
791.8333,8.7142E+001
792.8333,5.5373E+001
793.8333,4.3858E+001
794.8333,1.1672E+002
795.8333,1.0153E+002
796.8333,5.3708E+001
797.8333,6.9828E+001
798.8333,1.2394E+002
799.8333,1.3973E+002
800.8333,5.6396E+001
801.8333,1.0917E+002
802.8333,1.0076E+002
803.8333,9.2707E+001
804.8333,7.3388E+001
805.8333,1.3998E+002
806.8333,1.0219E+002
807.8333,4.4470E+001
808.8333,3.6503E+001
809.8333,9.5886E+001
810.8333,1.5345E+002
811.8333,1.6345E+002
812.8333,1.2627E+002
813.8333,1.5955E+002
814.8333,1.0627E+002
815.8333,1.2422E+002
816.8333,5.6413E+001
817.8333,1.2309E+002
818.8333,1.6982E+002
819.8333,7.9370E+001
820.8333,7.5645E+001
821.8333,1.5089E+002
822.8333,1.7081E+002
823.8333,6.2737E+001
824.8333,1.0133E+002
825.8333,1.3611E+002
826.8333,1.6839E+002
827.8333,1.7445E+002
828.8333,1.6741E+002
829.8333,1.6848E+002
830.8333,9.4379E+001
831.8333,1.4235E+002
832.8333,9.4509E+001
833.8333,1.2466E+002
834.8333,1.7994E+002
835.8333,1.8800E+002
836.8333,1.8748E+002
837.8333,1.8757E+002
838.8333,1.8697E+002
839.8333,1.8224E+002
840.8333,1.8176E+002
841.8333,1.8212E+002
842.8333,1.4218E+002
843.8333,1.8614E+002
844.8333,1.9655E+002
845.8333,1.5339E+002
846.8333,1.1417E+002
847.8333,7.4002E+001
848.8333,4.9046E+001
849.8333,1.1659E+002
850.8333,1.4409E+002
851.8333,1.1229E+002
852.8333,5.3496E+001
853.8333,8.8429E+001
854.8333,1.6758E+002
855.8333,1.8620E+002
856.8333,1.9753E+002
857.8333,1.6748E+002
858.8333,1.7155E+002
859.8333,1.5269E+002
860.8333,1.9531E+002
861.8333,1.7865E+002
862.8333,1.9494E+002
863.8333,2.0368E+002
864.8333,1.1640E+002
865.8333,1.5285E+002
866.8333,1.8526E+002
867.8333,1.7895E+002
868.8333,1.4249E+002
869.8333,1.7801E+002
870.8333,1.5819E+002
871.8333,1.1493E+002
872.8333,1.5094E+002
873.8333,1.4952E+002
874.8333,2.0168E+002
875.8333,1.9785E+002
876.8333,1.6575E+002
877.8333,1.9987E+002
878.8333,2.1172E+002
879.8333,2.1244E+002
880.8333,1.5655E+002
881.8333,1.4773E+002
882.8333,1.6906E+002
883.8333,1.6503E+002
