"",32.500
149.8333,3.2500E+001
150.8333,3.2500E+001
151.8333,3.2500E+001
152.8333,3.2500E+001
153.8333,3.2500E+001
154.8333,3.2500E+001
155.8333,3.2500E+001
156.8333,3.2500E+001
157.8333,3.2500E+001
158.8333,3.2500E+001
159.8333,3.2500E+001
160.8333,3.2500E+001
161.8333,3.2500E+001
162.8333,3.2500E+001
163.8333,3.2500E+001
164.8333,3.2500E+001
165.8333,3.2500E+001
166.8333,3.2500E+001
167.8333,3.2500E+001
168.8333,3.2500E+001
169.8333,3.2500E+001
170.8333,3.2500E+001
171.8333,3.2500E+001
172.8333,3.2500E+001
173.8333,3.2500E+001
174.8333,3.2500E+001
175.8333,3.2500E+001
176.8333,3.2500E+001
177.8333,3.2500E+001
178.8333,3.2500E+001
179.8333,3.2500E+001
180.8333,3.2500E+001
181.8333,3.2500E+001
182.8333,3.2500E+001
183.8333,3.2500E+001
184.8333,3.2500E+001
185.8333,3.2500E+001
186.8333,3.2500E+001
187.8333,3.2500E+001
188.8333,3.2500E+001
189.8333,3.2500E+001
190.8333,3.2500E+001
191.8333,3.2500E+001
192.8333,3.2500E+001
193.8333,3.2500E+001
194.8333,3.2500E+001
195.8333,3.2500E+001
196.8333,3.2500E+001
197.8333,3.2500E+001
198.8333,3.2500E+001
199.8333,3.2500E+001
200.8333,3.2500E+001
201.8333,3.2500E+001
202.8333,3.2500E+001
203.8333,3.2500E+001
204.8333,3.2500E+001
205.8333,3.2500E+001
206.8333,3.2500E+001
207.8333,3.2500E+001
208.8333,3.2500E+001
209.8333,3.2500E+001
210.8333,3.2500E+001
211.8333,3.2500E+001
212.8333,3.2500E+001
213.8333,3.2500E+001
214.8333,3.2500E+001
215.8333,3.2500E+001
216.8333,3.2500E+001
217.8333,3.2500E+001
218.8333,3.2500E+001
219.8333,3.2500E+001
220.8333,3.2500E+001
221.8333,3.2500E+001
222.8333,3.2500E+001
223.8333,3.2500E+001
224.8333,3.2500E+001
225.8333,3.2500E+001
226.8333,3.2500E+001
227.8333,3.2500E+001
228.8333,3.2500E+001
229.8333,3.2500E+001
230.8333,3.2500E+001
231.8333,3.2500E+001
232.8333,3.2500E+001
233.8333,3.2500E+001
234.8333,3.2500E+001
235.8333,3.2500E+001
236.8333,3.2500E+001
237.8333,3.2500E+001
238.8333,3.2500E+001
239.8333,3.2500E+001
240.8333,3.2500E+001
241.8333,3.2500E+001
242.8333,3.2500E+001
243.8333,3.2500E+001
244.8333,3.2500E+001
245.8333,3.2500E+001
246.8333,3.2500E+001
247.8333,3.2500E+001
248.8333,3.2500E+001
249.8333,3.2500E+001
250.8333,3.2500E+001
251.8333,3.2500E+001
252.8333,3.2500E+001
253.8333,3.2500E+001
254.8333,3.2500E+001
255.8333,3.2500E+001
256.8333,3.2500E+001
257.8333,3.2500E+001
258.8333,3.2500E+001
259.8333,3.2500E+001
260.8333,3.2500E+001
261.8333,3.2500E+001
262.8333,3.2500E+001
263.8333,3.2500E+001
264.8333,3.2500E+001
265.8333,3.2500E+001
266.8333,3.2500E+001
267.8333,3.2500E+001
268.8333,3.2500E+001
269.8333,3.2500E+001
270.8333,3.2500E+001
271.8333,3.2500E+001
272.8333,3.2500E+001
273.8333,3.2500E+001
274.8333,3.2500E+001
275.8333,3.2500E+001
276.8333,3.2500E+001
277.8333,3.2500E+001
278.8333,3.2500E+001
279.8333,3.2500E+001
280.8333,3.2500E+001
281.8333,3.2500E+001
282.8333,3.2500E+001
283.8333,3.2500E+001
284.8333,3.2500E+001
285.8333,3.2500E+001
286.8333,3.2500E+001
287.8333,3.2500E+001
288.8333,3.2500E+001
289.8333,3.2500E+001
290.8333,3.2500E+001
291.8333,3.2500E+001
292.8333,3.2500E+001
293.8333,3.2500E+001
294.8333,3.2500E+001
295.8333,3.2500E+001
296.8333,3.2500E+001
297.8333,3.2500E+001
298.8333,3.2500E+001
299.8333,3.2500E+001
300.8333,3.2500E+001
301.8333,3.2500E+001
302.8333,3.2500E+001
303.8333,3.2500E+001
304.8333,3.2500E+001
305.8333,3.2500E+001
306.8333,3.2500E+001
307.8333,3.2500E+001
308.8333,3.2500E+001
309.8333,3.2500E+001
310.8333,3.2500E+001
311.8333,3.2500E+001
312.8333,3.2500E+001
313.8333,3.2500E+001
314.8333,3.2500E+001
315.8333,3.2500E+001
316.8333,3.2500E+001
317.8333,3.2500E+001
318.8333,3.2500E+001
319.8333,3.2500E+001
320.8333,3.2500E+001
321.8333,3.2500E+001
322.8333,3.2500E+001
323.8333,3.2500E+001
324.8333,3.2500E+001
325.8333,3.2500E+001
326.8333,3.2500E+001
327.8333,3.2500E+001
328.8333,3.2500E+001
329.8333,3.2500E+001
330.8333,3.2500E+001
331.8333,3.2500E+001
332.8333,3.2500E+001
333.8333,3.2500E+001
334.8333,3.2500E+001
335.8333,3.2500E+001
336.8333,3.2500E+001
337.8333,3.2500E+001
338.8333,3.2500E+001
339.8333,3.2500E+001
340.8333,3.2500E+001
341.8333,3.2500E+001
342.8333,3.2500E+001
343.8333,3.2500E+001
344.8333,3.2500E+001
345.8333,3.2500E+001
346.8333,3.2500E+001
347.8333,3.2500E+001
348.8333,3.2500E+001
349.8333,3.2500E+001
350.8333,3.2500E+001
351.8333,3.2500E+001
352.8333,3.2500E+001
353.8333,3.2500E+001
354.8333,3.2500E+001
355.8333,3.2500E+001
356.8333,3.2500E+001
357.8333,3.2500E+001
358.8333,3.2500E+001
359.8333,3.2500E+001
360.8333,3.2500E+001
361.8333,3.2500E+001
362.8333,3.2500E+001
363.8333,3.2500E+001
364.8333,3.2500E+001
365.8333,3.2500E+001
366.8333,3.2500E+001
367.8333,3.2500E+001
368.8333,3.2500E+001
369.8333,3.2500E+001
370.8333,3.2500E+001
371.8333,3.2500E+001
372.8333,3.2500E+001
373.8333,3.2500E+001
374.8333,3.2500E+001
375.8333,3.2500E+001
376.8333,3.2500E+001
377.8333,3.2500E+001
378.8333,3.2500E+001
379.8333,3.2500E+001
380.8333,3.2500E+001
381.8333,3.2500E+001
382.8333,3.2500E+001
383.8333,3.2500E+001
384.8333,3.2500E+001
385.8333,3.2500E+001
386.8333,3.2500E+001
387.8333,3.2500E+001
388.8333,3.2500E+001
389.8333,3.2500E+001
390.8333,3.2500E+001
391.8333,3.2500E+001
392.8333,3.2500E+001
393.8333,3.2500E+001
394.8333,3.2500E+001
395.8333,3.2500E+001
396.8333,3.2500E+001
397.8333,3.2500E+001
398.8333,3.2500E+001
399.8333,3.2500E+001
400.8333,3.2500E+001
401.8333,3.2500E+001
402.8333,3.2500E+001
403.8333,3.2500E+001
404.8333,3.2500E+001
405.8333,3.2500E+001
406.8333,3.2500E+001
407.8333,3.2500E+001
408.8333,3.2500E+001
409.8333,3.2500E+001
410.8333,3.2500E+001
411.8333,3.2500E+001
412.8333,3.2500E+001
413.8333,3.2500E+001
414.8333,3.2500E+001
415.8333,3.2500E+001
416.8333,3.2500E+001
417.8333,3.2500E+001
418.8333,3.2500E+001
419.8333,3.2500E+001
420.8333,3.2500E+001
421.8333,3.2500E+001
422.8333,3.2500E+001
423.8333,3.2500E+001
424.8333,3.2500E+001
425.8333,3.2500E+001
426.8333,3.2500E+001
427.8333,3.2500E+001
428.8333,3.2500E+001
429.8333,3.2500E+001
430.8333,3.2500E+001
431.8333,3.2500E+001
432.8333,3.2500E+001
433.8333,3.2500E+001
434.8333,3.2500E+001
435.8333,3.2500E+001
436.8333,3.2500E+001
437.8333,3.2500E+001
438.8333,3.2500E+001
439.8333,3.2500E+001
440.8333,3.2500E+001
441.8333,3.2500E+001
442.8333,3.2500E+001
443.8333,3.2500E+001
444.8333,3.2500E+001
445.8333,3.2500E+001
446.8333,3.2500E+001
447.8333,3.2500E+001
448.8333,3.2500E+001
449.8333,3.2500E+001
450.8333,3.2500E+001
451.8333,3.2500E+001
452.8333,3.2500E+001
453.8333,3.2500E+001
454.8333,3.2500E+001
455.8333,3.2500E+001
456.8333,3.2500E+001
457.8333,3.2500E+001
458.8333,3.2500E+001
459.8333,3.2500E+001
460.8333,3.2500E+001
461.8333,3.2500E+001
462.8333,3.2500E+001
463.8333,3.2500E+001
464.8333,3.2500E+001
465.8333,3.2500E+001
466.8333,3.2500E+001
467.8333,3.2500E+001
468.8333,3.2500E+001
469.8333,3.2500E+001
470.8333,3.2500E+001
471.8333,3.2500E+001
472.8333,3.2500E+001
473.8333,3.2500E+001
474.8333,3.2500E+001
475.8333,3.2500E+001
476.8333,3.2500E+001
477.8333,3.2500E+001
478.8333,3.2500E+001
479.8333,3.2500E+001
480.8333,3.2500E+001
481.8333,3.2500E+001
482.8333,3.2500E+001
483.8333,3.2500E+001
484.8333,3.2500E+001
485.8333,3.2500E+001
486.8333,3.2500E+001
487.8333,3.2500E+001
488.8333,3.2500E+001
489.8333,3.2500E+001
490.8333,3.2500E+001
491.8333,3.2500E+001
492.8333,3.2500E+001
493.8333,3.2500E+001
494.8333,3.2500E+001
495.8333,3.2500E+001
496.8333,3.2500E+001
497.8333,3.2500E+001
498.8333,3.2500E+001
499.8333,3.2500E+001
500.8333,3.2500E+001
501.8333,3.2500E+001
502.8333,3.2500E+001
503.8333,3.2500E+001
504.8333,3.2500E+001
505.8333,3.2500E+001
506.8333,3.2500E+001
507.8333,3.2500E+001
508.8333,3.2500E+001
509.8333,3.2500E+001
510.8333,3.2500E+001
511.8333,3.2500E+001
512.8333,3.2500E+001
513.8333,3.2500E+001
514.8333,3.2500E+001
515.8333,3.2500E+001
516.8333,3.2500E+001
517.8333,3.2500E+001
518.8333,3.2500E+001
519.8333,3.2500E+001
520.8333,3.2500E+001
521.8333,3.2500E+001
522.8333,3.2500E+001
523.8333,3.2500E+001
524.8333,3.2500E+001
525.8333,3.2500E+001
526.8333,3.2500E+001
527.8333,3.2500E+001
528.8333,3.2500E+001
529.8333,3.2500E+001
530.8333,3.2500E+001
531.8333,3.2500E+001
532.8333,3.2500E+001
533.8333,3.2500E+001
534.8333,3.2500E+001
535.8333,3.2500E+001
536.8333,3.2500E+001
537.8333,3.2500E+001
538.8333,3.2500E+001
539.8333,3.2500E+001
540.8333,3.2500E+001
541.8333,3.2500E+001
542.8333,3.2500E+001
543.8333,3.2500E+001
544.8333,3.2500E+001
545.8333,3.2500E+001
546.8333,3.2500E+001
547.8333,3.2500E+001
548.8333,3.2500E+001
549.8333,3.2500E+001
550.8333,3.2500E+001
551.8333,3.2500E+001
552.8333,3.2500E+001
553.8333,3.2500E+001
554.8333,3.2500E+001
555.8333,3.2500E+001
556.8333,3.2500E+001
557.8333,3.2500E+001
558.8333,3.2500E+001
559.8333,3.2500E+001
560.8333,3.2500E+001
561.8333,3.2500E+001
562.8333,3.2500E+001
563.8333,3.2500E+001
564.8333,3.2500E+001
565.8333,3.2500E+001
566.8333,3.2500E+001
567.8333,3.2500E+001
568.8333,3.2500E+001
569.8333,3.2500E+001
570.8333,3.2500E+001
571.8333,3.2500E+001
572.8333,3.2500E+001
573.8333,3.2500E+001
574.8333,3.2500E+001
575.8333,3.2500E+001
576.8333,3.2500E+001
577.8333,3.2500E+001
578.8333,3.2500E+001
579.8333,3.2500E+001
580.8333,3.2500E+001
581.8333,3.2500E+001
582.8333,3.2500E+001
583.8333,3.2500E+001
584.8333,3.2500E+001
585.8333,3.2500E+001
586.8333,3.2500E+001
587.8333,3.2500E+001
588.8333,3.2500E+001
589.8333,3.2500E+001
590.8333,3.2500E+001
591.8333,3.2500E+001
592.8333,3.2500E+001
593.8333,3.2500E+001
594.8333,3.2500E+001
595.8333,3.2500E+001
596.8333,3.2500E+001
597.8333,3.2500E+001
598.8333,3.2500E+001
599.8333,3.2500E+001
600.8333,3.2500E+001
601.8333,3.2500E+001
602.8333,3.2500E+001
603.8333,3.2500E+001
604.8333,3.2500E+001
605.8333,3.2500E+001
606.8333,3.2500E+001
607.8333,3.2500E+001
608.8333,3.2500E+001
609.8333,3.2500E+001
610.8333,3.2500E+001
611.8333,3.2500E+001
612.8333,3.2500E+001
613.8333,3.2500E+001
614.8333,3.2500E+001
615.8333,3.2500E+001
616.8333,3.2500E+001
617.8333,3.2500E+001
618.8333,3.2500E+001
619.8333,3.2500E+001
620.8333,3.2500E+001
621.8333,3.2500E+001
622.8333,3.2500E+001
623.8333,3.2500E+001
624.8333,3.2500E+001
625.8333,3.2500E+001
626.8333,3.2500E+001
627.8333,3.2500E+001
628.8333,3.2500E+001
629.8333,3.2500E+001
630.8333,3.2500E+001
631.8333,3.2500E+001
632.8333,3.2500E+001
633.8333,3.2500E+001
634.8333,3.2500E+001
635.8333,3.2500E+001
636.8333,3.2500E+001
637.8333,3.2500E+001
638.8333,3.2500E+001
639.8333,3.2500E+001
640.8333,3.2500E+001
641.8333,3.2500E+001
642.8333,3.2500E+001
643.8333,3.2500E+001
644.8333,3.2500E+001
645.8333,3.2500E+001
646.8333,3.2500E+001
647.8333,3.2500E+001
648.8333,3.2500E+001
649.8333,3.2500E+001
650.8333,3.2500E+001
651.8333,3.2500E+001
652.8333,3.2500E+001
653.8333,3.2500E+001
654.8333,3.2500E+001
655.8333,3.2500E+001
656.8333,3.2500E+001
657.8333,3.2500E+001
658.8333,3.2500E+001
659.8333,3.2500E+001
660.8333,3.2500E+001
661.8333,3.2500E+001
662.8333,3.2500E+001
663.8333,3.2500E+001
664.8333,3.2500E+001
665.8333,3.2500E+001
666.8333,3.2500E+001
667.8333,3.2500E+001
668.8333,3.2500E+001
669.8333,3.2500E+001
670.8333,3.2500E+001
671.8333,3.2500E+001
672.8333,3.2500E+001
673.8333,3.2500E+001
674.8333,3.2500E+001
675.8333,3.2500E+001
676.8333,3.2500E+001
677.8333,3.2500E+001
678.8333,3.2500E+001
679.8333,3.2500E+001
680.8333,3.2500E+001
681.8333,3.2500E+001
682.8333,3.2500E+001
683.8333,3.2500E+001
684.8333,3.2500E+001
685.8333,3.2500E+001
686.8333,3.2500E+001
687.8333,3.2500E+001
688.8333,3.2500E+001
689.8333,3.2500E+001
690.8333,3.2500E+001
691.8333,3.2500E+001
692.8333,3.2500E+001
693.8333,3.2500E+001
694.8333,3.2500E+001
695.8333,3.2500E+001
696.8333,3.2500E+001
697.8333,3.2500E+001
698.8333,3.2500E+001
699.8333,3.2500E+001
700.8333,3.2500E+001
701.8333,3.2500E+001
702.8333,3.2500E+001
703.8333,3.2500E+001
704.8333,3.2500E+001
705.8333,3.2500E+001
706.8333,3.2500E+001
707.8333,3.2500E+001
708.8333,3.2500E+001
709.8333,3.2500E+001
710.8333,3.2500E+001
711.8333,3.2500E+001
712.8333,3.2500E+001
713.8333,3.2500E+001
714.8333,3.2500E+001
715.8333,3.2500E+001
716.8333,3.2500E+001
717.8333,3.2500E+001
718.8333,3.2500E+001
719.8333,3.2500E+001
720.8333,3.2500E+001
721.8333,3.2500E+001
722.8333,3.2500E+001
723.8333,3.2500E+001
724.8333,3.2500E+001
725.8333,3.2500E+001
726.8333,3.2500E+001
727.8333,3.2500E+001
728.8333,3.2500E+001
729.8333,3.2500E+001
730.8333,3.2500E+001
731.8333,3.2500E+001
732.8333,3.2500E+001
733.8333,3.2500E+001
734.8333,3.2500E+001
735.8333,3.2500E+001
736.8333,3.2500E+001
737.8333,3.2500E+001
738.8333,3.2500E+001
739.8333,3.2500E+001
740.8333,3.2500E+001
741.8333,3.2500E+001
742.8333,3.2500E+001
743.8333,3.2500E+001
744.8333,3.2500E+001
745.8333,3.2500E+001
746.8333,3.2500E+001
747.8333,3.2500E+001
748.8333,3.2500E+001
749.8333,3.2500E+001
750.8333,3.2500E+001
751.8333,3.2500E+001
752.8333,3.2500E+001
753.8333,3.2500E+001
754.8333,3.2500E+001
755.8333,3.2500E+001
756.8333,3.2500E+001
757.8333,3.2500E+001
758.8333,3.2500E+001
759.8333,3.2500E+001
760.8333,3.2500E+001
761.8333,3.2500E+001
762.8333,3.2500E+001
763.8333,3.2500E+001
764.8333,3.2500E+001
765.8333,3.2500E+001
766.8333,3.2500E+001
767.8333,3.2500E+001
768.8333,3.2500E+001
769.8333,3.2500E+001
770.8333,3.2500E+001
771.8333,3.2500E+001
772.8333,3.2500E+001
773.8333,3.2500E+001
774.8333,3.2500E+001
775.8333,3.2500E+001
776.8333,3.2500E+001
777.8333,3.2500E+001
778.8333,3.2500E+001
779.8333,3.2500E+001
780.8333,3.2500E+001
781.8333,3.2500E+001
782.8333,3.2500E+001
783.8333,3.2500E+001
784.8333,3.2500E+001
785.8333,3.2500E+001
786.8333,3.2500E+001
787.8333,3.2500E+001
788.8333,3.2500E+001
789.8333,3.2500E+001
790.8333,3.2500E+001
791.8333,3.2500E+001
792.8333,3.2500E+001
793.8333,3.2500E+001
794.8333,3.2500E+001
795.8333,3.2500E+001
796.8333,3.2500E+001
797.8333,3.2500E+001
798.8333,3.2500E+001
799.8333,3.2500E+001
800.8333,3.2500E+001
801.8333,3.2500E+001
802.8333,3.2500E+001
803.8333,3.2500E+001
804.8333,3.2500E+001
805.8333,3.2500E+001
806.8333,3.2500E+001
807.8333,3.2500E+001
808.8333,3.2500E+001
809.8333,3.2500E+001
810.8333,3.2500E+001
811.8333,3.2500E+001
812.8333,3.2500E+001
813.8333,3.2500E+001
814.8333,3.2500E+001
815.8333,3.2500E+001
816.8333,3.2500E+001
817.8333,3.2500E+001
818.8333,3.2500E+001
819.8333,3.2500E+001
820.8333,3.2500E+001
821.8333,3.2500E+001
822.8333,3.2500E+001
823.8333,3.2500E+001
824.8333,3.2500E+001
825.8333,3.2500E+001
826.8333,3.2500E+001
827.8333,3.2500E+001
828.8333,3.2500E+001
829.8333,3.2500E+001
830.8333,3.2500E+001
831.8333,3.2500E+001
832.8333,3.2500E+001
833.8333,3.2500E+001
834.8333,3.2500E+001
835.8333,3.2500E+001
836.8333,3.2500E+001
837.8333,3.2500E+001
838.8333,3.2500E+001
839.8333,3.2500E+001
840.8333,3.2500E+001
841.8333,3.2500E+001
842.8333,3.2500E+001
843.8333,3.2500E+001
844.8333,3.2500E+001
845.8333,3.2500E+001
846.8333,3.2500E+001
847.8333,3.2500E+001
848.8333,3.2500E+001
849.8333,3.2500E+001
850.8333,3.2500E+001
851.8333,3.2500E+001
852.8333,3.2500E+001
853.8333,3.2500E+001
854.8333,3.2500E+001
855.8333,3.2500E+001
856.8333,3.2500E+001
857.8333,3.2500E+001
858.8333,3.2500E+001
859.8333,3.2500E+001
860.8333,3.2500E+001
861.8333,3.2500E+001
862.8333,3.2500E+001
863.8333,3.2500E+001
864.8333,3.2500E+001
865.8333,3.2500E+001
866.8333,3.2500E+001
867.8333,3.2500E+001
868.8333,3.2500E+001
869.8333,3.2500E+001
870.8333,3.2500E+001
871.8333,3.2500E+001
872.8333,3.2500E+001
873.8333,3.2500E+001
874.8333,3.2500E+001
875.8333,3.2500E+001
876.8333,3.2500E+001
877.8333,3.2500E+001
878.8333,3.2500E+001
879.8333,3.2500E+001
880.8333,3.2500E+001
881.8333,3.2500E+001
882.8333,3.2500E+001
883.8333,3.2500E+001
